start 0 (0.0, 30.0)
start 1 (18.0, 18.0)
start 2 (6.0, 30.0)
start 3 (9.0, 30.0)
start 4 (12.0, 30.0)
start 5 (15.0, 30.0)
start 6 (18.0, 30.0)
start 7 (21.0, 30.0)
start 8 (24.0, 30.0)
start 9 (27.0, 30.0)
start 10 (30.0, 21.0)
start 11 (33.0, 30.0)
start 12 (36.0, 30.0)
start 13 (39.0, 30.0)
start 14 (42.0, 30.0)
start 15 (45.0, 30.0)
start 16 (48.0, 30.0)
start 17 (51.0, 30.0)
start 18 (54.0, 30.0)


0 (0.0, 30.0)  (24.0, 40.0)
18 (54.0, 30.0)  (26.0, 40.0)



1 (18.0, 18.0)  (24.0, 40.0)

0 (24.0, 40.0)  (9.0, 27.0)



2 (6.0, 30.0)  (24.0, 40.0)

1 (24.0, 40.0)  (3.0, 30.0)



3 (9.0, 30.0)  (24.0, 40.0)

2 (24.0, 40.0)  (6.0, 30.0)



4 (12.0, 30.0)  (24.0, 40.0)

3 (24.0, 40.0)  (9.0, 30.0)



5 (15.0, 30.0)  (24.0, 40.0)

4 (24.0, 40.0)  (12.0, 30.0)



6 (18.0, 30.0)  (24.0, 40.0)

5 (24.0, 40.0)  (15.0, 30.0)



7 (21.0, 30.0)  (24.0, 40.0)

6 (24.0, 40.0)  (18.0, 30.0)



8 (24.0, 30.0)  (24.0, 40.0)

7 (24.0, 40.0)  (21.0, 30.0)



9 (27.0, 30.0)  (24.0, 40.0)

8 (24.0, 40.0)  (24.0, 30.0)



10 (30.0, 21.0)  (24.0, 40.0)

9 (24.0, 40.0)  (27.0, 30.0)



11 (33.0, 30.0)  (24.0, 40.0)

10 (24.0, 40.0)  (30.0, 30.0)



12 (36.0, 30.0)  (24.0, 40.0)

11 (24.0, 40.0)  (33.0, 30.0)



13 (39.0, 30.0)  (24.0, 40.0)

12 (24.0, 40.0)  (36.0, 30.0)



14 (42.0, 30.0)  (24.0, 40.0)

13 (24.0, 40.0)  (39.0, 30.0)



15 (45.0, 30.0)  (24.0, 40.0)

14 (24.0, 40.0)  (42.0, 30.0)



16 (48.0, 30.0)  (24.0, 40.0)

15 (24.0, 40.0)  (45.0, 30.0)



17 (51.0, 30.0)  (24.0, 40.0)

16 (24.0, 40.0)  (33.0, 21.0)



17 (24.0, 40.0)  (51.0, 30.0)
18 (26.0, 40.0)  (54.0, 30.0)



