start 1 (6.0, 24.0)
start 2 (9.0, 30.0)
start 7 (21.0, 30.0)
start 8 (24.0, 30.0)
start 9 (27.0, 30.0)
start 11 (33.0, 30.0)
start 12 (39.0, 30.0)
start 15 (45.0, 30.0)
start 18 (72.0, 30.0)
start 21 (63.0, 30.0)
start 22 (66.0, 30.0)
start 26 (81.0, 30.0)
start 28 (99.0, 27.0)
start 30 (90.0, 30.0)
start 31 (93.0, 30.0)
start 32 (96.0, 30.0)
start 33 (99.0, 30.0)
start 38 (114.0, 30.0)
start 39 (117.0, 30.0)
start 40 (120.0, 30.0)
start 43 (129.0, 30.0)
start 44 (132.0, 30.0)
start 45 (135.0, 30.0)
start 47 (141.0, 30.0)
start 51 (150.0, 30.0)
start 53 (153.0, 30.0)
start 54 (159.0, 27.0)
start 55 (168.0, 30.0)
start 56 (165.0, 30.0)
start 57 (171.0, 30.0)
start 59 (174.0, 27.0)
start 60 (180.0, 27.0)
start 61 (183.0, 30.0)
start 62 (186.0, 30.0)
start 63 (189.0, 30.0)
start 68 (198.0, 30.0)
start 69 (207.0, 30.0)


1 (6.0, 24.0)  (108.0, 40.0)

69 (207.0, 30.0)  (110.0, 40.0)



2 (9.0, 30.0)  (108.0, 40.0)

1 (108.0, 40.0)  (18.0, 21.0)



7 (21.0, 30.0)  (108.0, 40.0)

2 (108.0, 40.0)  (9.0, 30.0)



8 (24.0, 30.0)  (108.0, 40.0)

7 (108.0, 40.0)  (21.0, 30.0)



9 (27.0, 30.0)  (108.0, 40.0)

8 (108.0, 40.0)  (24.0, 30.0)



11 (33.0, 30.0)  (108.0, 40.0)

9 (108.0, 40.0)  (30.0, 30.0)



12 (39.0, 30.0)  (108.0, 40.0)

11 (108.0, 40.0)  (45.0, 15.0)



15 (45.0, 30.0)  (108.0, 40.0)

12 (108.0, 40.0)  (36.0, 27.0)



18 (72.0, 30.0)  (108.0, 40.0)

15 (108.0, 40.0)  (45.0, 30.0)



21 (63.0, 30.0)  (108.0, 40.0)

18 (108.0, 40.0)  (57.0, 27.0)



22 (66.0, 30.0)  (108.0, 40.0)

21 (108.0, 40.0)  (63.0, 30.0)



26 (81.0, 30.0)  (108.0, 40.0)

22 (108.0, 40.0)  (66.0, 30.0)



28 (99.0, 27.0)  (108.0, 40.0)

26 (108.0, 40.0)  (81.0, 30.0)



30 (90.0, 30.0)  (108.0, 40.0)

28 (108.0, 40.0)  (84.0, 30.0)



31 (93.0, 30.0)  (108.0, 40.0)

30 (108.0, 40.0)  (93.0, 30.0)



32 (96.0, 30.0)  (108.0, 40.0)

31 (108.0, 40.0)  (90.0, 30.0)



33 (99.0, 30.0)  (108.0, 40.0)

32 (108.0, 40.0)  (96.0, 30.0)



38 (114.0, 30.0)  (108.0, 40.0)

33 (108.0, 40.0)  (102.0, 30.0)



39 (117.0, 30.0)  (108.0, 40.0)

38 (108.0, 40.0)  (114.0, 30.0)



40 (120.0, 30.0)  (108.0, 40.0)

39 (108.0, 40.0)  (117.0, 30.0)



43 (129.0, 30.0)  (108.0, 40.0)

40 (108.0, 40.0)  (120.0, 30.0)



44 (132.0, 30.0)  (108.0, 40.0)

43 (108.0, 40.0)  (132.0, 30.0)



45 (135.0, 30.0)  (108.0, 40.0)

44 (108.0, 40.0)  (129.0, 30.0)



47 (141.0, 30.0)  (108.0, 40.0)

45 (108.0, 40.0)  (135.0, 30.0)



51 (150.0, 30.0)  (108.0, 40.0)

47 (108.0, 40.0)  (141.0, 30.0)



53 (153.0, 30.0)  (108.0, 40.0)

51 (108.0, 40.0)  (150.0, 30.0)



54 (159.0, 27.0)  (108.0, 40.0)

53 (108.0, 40.0)  (153.0, 30.0)



55 (168.0, 30.0)  (108.0, 40.0)

54 (108.0, 40.0)  (162.0, 30.0)



56 (165.0, 30.0)  (108.0, 40.0)

55 (108.0, 40.0)  (165.0, 30.0)



57 (171.0, 30.0)  (108.0, 40.0)

56 (108.0, 40.0)  (168.0, 30.0)



59 (174.0, 27.0)  (108.0, 40.0)

57 (108.0, 40.0)  (171.0, 30.0)



60 (180.0, 27.0)  (108.0, 40.0)

59 (108.0, 40.0)  (171.0, 18.0)



61 (183.0, 30.0)  (108.0, 40.0)

60 (108.0, 40.0)  (180.0, 27.0)



62 (186.0, 30.0)  (108.0, 40.0)

61 (108.0, 40.0)  (186.0, 27.0)



63 (189.0, 30.0)  (108.0, 40.0)

62 (108.0, 40.0)  (183.0, 27.0)



68 (198.0, 30.0)  (108.0, 40.0)

63 (108.0, 40.0)  (189.0, 30.0)



68 (108.0, 40.0)  (198.0, 30.0)
69 (110.0, 40.0)  (207.0, 30.0)



