start 0 (0.0, 30.0)
start 1 (3.0, 30.0)
start 2 (6.0, 30.0)
start 3 (9.0, 30.0)
start 4 (12.0, 30.0)
start 5 (15.0, 30.0)
start 6 (18.0, 30.0)
start 7 (21.0, 30.0)
start 8 (24.0, 30.0)
start 9 (27.0, 30.0)
start 10 (30.0, 30.0)
start 11 (33.0, 30.0)
start 12 (36.0, 30.0)
start 13 (39.0, 30.0)
start 14 (42.0, 30.0)
start 15 (45.0, 30.0)
start 16 (48.0, 30.0)
start 17 (51.0, 30.0)
start 18 (54.0, 30.0)
start 19 (57.0, 30.0)
start 20 (60.0, 30.0)
start 21 (63.0, 30.0)
start 22 (66.0, 30.0)
start 23 (69.0, 30.0)
start 24 (72.0, 30.0)
start 25 (75.0, 30.0)
start 26 (78.0, 30.0)
start 27 (81.0, 30.0)
start 28 (84.0, 30.0)
start 29 (87.0, 30.0)
start 30 (90.0, 30.0)
start 31 (93.0, 30.0)
start 32 (96.0, 30.0)
start 33 (99.0, 30.0)
start 34 (102.0, 30.0)


0 (0.0, 30.0)  (48.0, 40.0)
1 (3.0, 30.0)  (50.0, 40.0)



2 (6.0, 30.0)  (48.0, 40.0)

0 (48.0, 40.0)  (0.0, 30.0)



3 (9.0, 30.0)  (50.0, 40.0)

1 (50.0, 40.0)  (3.0, 30.0)



4 (12.0, 30.0)  (48.0, 40.0)

2 (48.0, 40.0)  (6.0, 30.0)



5 (15.0, 30.0)  (50.0, 40.0)

3 (50.0, 40.0)  (9.0, 30.0)



6 (18.0, 30.0)  (48.0, 40.0)

4 (48.0, 40.0)  (12.0, 30.0)



7 (21.0, 30.0)  (50.0, 40.0)

5 (50.0, 40.0)  (15.0, 30.0)



8 (24.0, 30.0)  (48.0, 40.0)

6 (48.0, 40.0)  (18.0, 30.0)



9 (27.0, 30.0)  (50.0, 40.0)

7 (50.0, 40.0)  (27.0, 15.0)



10 (30.0, 30.0)  (48.0, 40.0)

8 (48.0, 40.0)  (24.0, 30.0)



11 (33.0, 30.0)  (50.0, 40.0)

9 (50.0, 40.0)  (27.0, 30.0)



12 (36.0, 30.0)  (48.0, 40.0)

10 (48.0, 40.0)  (30.0, 30.0)



13 (39.0, 30.0)  (50.0, 40.0)

11 (50.0, 40.0)  (33.0, 30.0)



14 (42.0, 30.0)  (48.0, 40.0)

12 (48.0, 40.0)  (36.0, 30.0)



15 (45.0, 30.0)  (50.0, 40.0)

13 (50.0, 40.0)  (39.0, 30.0)



16 (48.0, 30.0)  (48.0, 40.0)

14 (48.0, 40.0)  (42.0, 30.0)



17 (51.0, 30.0)  (50.0, 40.0)

15 (50.0, 40.0)  (45.0, 30.0)



18 (54.0, 30.0)  (48.0, 40.0)

16 (48.0, 40.0)  (48.0, 30.0)



19 (57.0, 30.0)  (50.0, 40.0)

17 (50.0, 40.0)  (51.0, 30.0)



20 (60.0, 30.0)  (48.0, 40.0)

18 (48.0, 40.0)  (54.0, 30.0)



21 (63.0, 30.0)  (50.0, 40.0)

19 (50.0, 40.0)  (57.0, 30.0)



22 (66.0, 30.0)  (48.0, 40.0)

20 (48.0, 40.0)  (60.0, 30.0)



23 (69.0, 30.0)  (50.0, 40.0)

21 (50.0, 40.0)  (63.0, 30.0)



24 (72.0, 30.0)  (48.0, 40.0)

22 (48.0, 40.0)  (66.0, 30.0)



25 (75.0, 30.0)  (50.0, 40.0)

23 (50.0, 40.0)  (69.0, 30.0)



26 (78.0, 30.0)  (48.0, 40.0)

24 (48.0, 40.0)  (72.0, 30.0)



27 (81.0, 30.0)  (50.0, 40.0)

25 (50.0, 40.0)  (75.0, 30.0)



28 (84.0, 30.0)  (48.0, 40.0)

26 (48.0, 40.0)  (78.0, 30.0)



29 (87.0, 30.0)  (50.0, 40.0)

27 (50.0, 40.0)  (81.0, 30.0)



30 (90.0, 30.0)  (48.0, 40.0)

28 (48.0, 40.0)  (84.0, 30.0)



31 (93.0, 30.0)  (50.0, 40.0)

29 (50.0, 40.0)  (87.0, 30.0)



32 (96.0, 30.0)  (48.0, 40.0)

30 (48.0, 40.0)  (90.0, 30.0)



33 (99.0, 30.0)  (50.0, 40.0)

31 (50.0, 40.0)  (105.0, 21.0)



34 (102.0, 30.0)  (48.0, 40.0)

32 (48.0, 40.0)  (108.0, 18.0)



34 (48.0, 40.0)  (102.0, 30.0)
33 (50.0, 40.0)  (111.0, 30.0)



