start 0 (3.0, 27.0)
start 1 (3.0, 30.0)
start 2 (15.0, 24.0)
start 3 (9.0, 30.0)
start 4 (12.0, 30.0)
start 5 (30.0, 21.0)
start 6 (18.0, 30.0)
start 7 (21.0, 30.0)
start 8 (24.0, 30.0)
start 9 (27.0, 30.0)
start 10 (30.0, 30.0)
start 11 (33.0, 30.0)
start 12 (39.0, 27.0)
start 13 (39.0, 30.0)
start 14 (42.0, 30.0)
start 15 (45.0, 30.0)
start 16 (48.0, 30.0)
start 17 (51.0, 30.0)
start 18 (57.0, 27.0)
start 19 (57.0, 30.0)
start 20 (60.0, 30.0)
start 21 (63.0, 30.0)
start 22 (66.0, 30.0)
start 23 (69.0, 30.0)
start 24 (72.0, 30.0)
start 25 (75.0, 30.0)
start 26 (78.0, 30.0)
start 27 (81.0, 30.0)
start 28 (87.0, 27.0)
start 29 (90.0, 27.0)
start 30 (90.0, 30.0)
start 31 (93.0, 30.0)
start 32 (96.0, 30.0)
start 33 (99.0, 30.0)
start 34 (102.0, 30.0)
start 35 (105.0, 30.0)
start 36 (108.0, 30.0)
start 37 (111.0, 30.0)
start 38 (114.0, 30.0)
start 39 (117.0, 30.0)
start 40 (120.0, 30.0)
start 41 (123.0, 30.0)
start 42 (123.0, 27.0)
start 43 (129.0, 30.0)
start 44 (132.0, 30.0)
start 45 (135.0, 30.0)
start 46 (138.0, 30.0)
start 47 (141.0, 30.0)
start 48 (144.0, 30.0)
start 49 (147.0, 30.0)
start 50 (150.0, 30.0)
start 51 (150.0, 27.0)
start 52 (159.0, 30.0)
start 53 (156.0, 30.0)
start 54 (159.0, 27.0)
start 55 (165.0, 30.0)
start 56 (168.0, 30.0)
start 57 (171.0, 30.0)
start 58 (174.0, 30.0)
start 59 (177.0, 30.0)
start 60 (180.0, 30.0)
start 61 (183.0, 30.0)
start 62 (180.0, 24.0)
start 63 (189.0, 30.0)
start 64 (192.0, 30.0)
start 65 (195.0, 30.0)
start 66 (198.0, 27.0)
start 67 (201.0, 30.0)
start 68 (204.0, 30.0)
start 69 (207.0, 30.0)
start 70 (210.0, 30.0)
start 71 (213.0, 30.0)
start 72 (216.0, 30.0)
start 73 (219.0, 30.0)
start 74 (222.0, 30.0)
start 75 (225.0, 30.0)
start 76 (231.0, 30.0)
start 77 (228.0, 30.0)


0 (3.0, 27.0)  (122.0, 40.0)

1 (3.0, 30.0)  (120.0, 40.0)



2 (15.0, 24.0)  (122.0, 40.0)

0 (122.0, 40.0)  (0.0, 30.0)



3 (9.0, 30.0)  (120.0, 40.0)

1 (120.0, 40.0)  (6.0, 27.0)



4 (12.0, 30.0)  (122.0, 40.0)

2 (122.0, 40.0)  (6.0, 30.0)



5 (30.0, 21.0)  (120.0, 40.0)

3 (120.0, 40.0)  (9.0, 15.0)



6 (18.0, 30.0)  (122.0, 40.0)

4 (122.0, 40.0)  (15.0, 27.0)



7 (21.0, 30.0)  (120.0, 40.0)

5 (120.0, 40.0)  (15.0, 30.0)



8 (24.0, 30.0)  (122.0, 40.0)

6 (122.0, 40.0)  (27.0, 24.0)



9 (27.0, 30.0)  (120.0, 40.0)

7 (120.0, 40.0)  (21.0, 30.0)



10 (30.0, 30.0)  (122.0, 40.0)

8 (122.0, 40.0)  (24.0, 30.0)



11 (33.0, 30.0)  (120.0, 40.0)

9 (120.0, 40.0)  (27.0, 30.0)



12 (39.0, 27.0)  (122.0, 40.0)

10 (122.0, 40.0)  (33.0, 27.0)



13 (39.0, 30.0)  (120.0, 40.0)

11 (120.0, 40.0)  (33.0, 30.0)



14 (42.0, 30.0)  (122.0, 40.0)

12 (122.0, 40.0)  (36.0, 30.0)



15 (45.0, 30.0)  (120.0, 40.0)

13 (120.0, 40.0)  (39.0, 30.0)



16 (48.0, 30.0)  (122.0, 40.0)

14 (122.0, 40.0)  (45.0, 27.0)



17 (51.0, 30.0)  (120.0, 40.0)

15 (120.0, 40.0)  (45.0, 30.0)



18 (57.0, 27.0)  (122.0, 40.0)

16 (122.0, 40.0)  (48.0, 30.0)



19 (57.0, 30.0)  (120.0, 40.0)

17 (120.0, 40.0)  (66.0, 18.0)



20 (60.0, 30.0)  (122.0, 40.0)

18 (122.0, 40.0)  (54.0, 30.0)



21 (63.0, 30.0)  (120.0, 40.0)

19 (120.0, 40.0)  (57.0, 30.0)



22 (66.0, 30.0)  (122.0, 40.0)

20 (122.0, 40.0)  (60.0, 30.0)



23 (69.0, 30.0)  (120.0, 40.0)

21 (120.0, 40.0)  (63.0, 30.0)



24 (72.0, 30.0)  (122.0, 40.0)

22 (122.0, 40.0)  (66.0, 30.0)



25 (75.0, 30.0)  (120.0, 40.0)

23 (120.0, 40.0)  (69.0, 30.0)



26 (78.0, 30.0)  (122.0, 40.0)

24 (122.0, 40.0)  (72.0, 30.0)



27 (81.0, 30.0)  (120.0, 40.0)

25 (120.0, 40.0)  (75.0, 30.0)



28 (87.0, 27.0)  (122.0, 40.0)

26 (122.0, 40.0)  (78.0, 30.0)



29 (90.0, 27.0)  (120.0, 40.0)

27 (120.0, 40.0)  (96.0, 24.0)



30 (90.0, 30.0)  (122.0, 40.0)

28 (122.0, 40.0)  (84.0, 30.0)



31 (93.0, 30.0)  (120.0, 40.0)

29 (120.0, 40.0)  (87.0, 30.0)



32 (96.0, 30.0)  (122.0, 40.0)

30 (122.0, 40.0)  (90.0, 27.0)



33 (99.0, 30.0)  (120.0, 40.0)

31 (120.0, 40.0)  (93.0, 30.0)



34 (102.0, 30.0)  (122.0, 40.0)

32 (122.0, 40.0)  (96.0, 30.0)



35 (105.0, 30.0)  (120.0, 40.0)

33 (120.0, 40.0)  (99.0, 30.0)



36 (108.0, 30.0)  (122.0, 40.0)

34 (122.0, 40.0)  (102.0, 30.0)



37 (111.0, 30.0)  (120.0, 40.0)

35 (120.0, 40.0)  (105.0, 30.0)



38 (114.0, 30.0)  (122.0, 40.0)

36 (122.0, 40.0)  (111.0, 30.0)



39 (117.0, 30.0)  (120.0, 40.0)

37 (120.0, 40.0)  (108.0, 30.0)



40 (120.0, 30.0)  (122.0, 40.0)

38 (122.0, 40.0)  (114.0, 30.0)



41 (123.0, 30.0)  (120.0, 40.0)

39 (120.0, 40.0)  (117.0, 30.0)



42 (123.0, 27.0)  (122.0, 40.0)

40 (122.0, 40.0)  (120.0, 30.0)



43 (129.0, 30.0)  (120.0, 40.0)

41 (120.0, 40.0)  (129.0, 30.0)



44 (132.0, 30.0)  (122.0, 40.0)

42 (122.0, 40.0)  (126.0, 30.0)



45 (135.0, 30.0)  (120.0, 40.0)

43 (120.0, 40.0)  (123.0, 30.0)



46 (138.0, 30.0)  (122.0, 40.0)

44 (122.0, 40.0)  (132.0, 30.0)



47 (141.0, 30.0)  (120.0, 40.0)

45 (120.0, 40.0)  (135.0, 30.0)



48 (144.0, 30.0)  (122.0, 40.0)

46 (122.0, 40.0)  (138.0, 30.0)



49 (147.0, 30.0)  (120.0, 40.0)

47 (120.0, 40.0)  (141.0, 30.0)



50 (150.0, 30.0)  (122.0, 40.0)

48 (122.0, 40.0)  (141.0, 27.0)



51 (150.0, 27.0)  (120.0, 40.0)

49 (120.0, 40.0)  (147.0, 30.0)



52 (159.0, 30.0)  (122.0, 40.0)

50 (122.0, 40.0)  (150.0, 30.0)



53 (156.0, 30.0)  (120.0, 40.0)

51 (120.0, 40.0)  (144.0, 18.0)



54 (159.0, 27.0)  (122.0, 40.0)

52 (122.0, 40.0)  (156.0, 30.0)



55 (165.0, 30.0)  (120.0, 40.0)

53 (120.0, 40.0)  (159.0, 30.0)



56 (168.0, 30.0)  (122.0, 40.0)

54 (122.0, 40.0)  (162.0, 30.0)



57 (171.0, 30.0)  (120.0, 40.0)

55 (120.0, 40.0)  (165.0, 30.0)



58 (174.0, 30.0)  (122.0, 40.0)

56 (122.0, 40.0)  (168.0, 30.0)



59 (177.0, 30.0)  (120.0, 40.0)

57 (120.0, 40.0)  (171.0, 30.0)



60 (180.0, 30.0)  (122.0, 40.0)

58 (122.0, 40.0)  (174.0, 30.0)



61 (183.0, 30.0)  (120.0, 40.0)

59 (120.0, 40.0)  (177.0, 30.0)



62 (180.0, 24.0)  (122.0, 40.0)

60 (122.0, 40.0)  (180.0, 30.0)



63 (189.0, 30.0)  (120.0, 40.0)

61 (120.0, 40.0)  (183.0, 30.0)



64 (192.0, 30.0)  (122.0, 40.0)

62 (122.0, 40.0)  (186.0, 30.0)



65 (195.0, 30.0)  (120.0, 40.0)

63 (120.0, 40.0)  (189.0, 30.0)



66 (198.0, 27.0)  (122.0, 40.0)

64 (122.0, 40.0)  (192.0, 30.0)



67 (201.0, 30.0)  (120.0, 40.0)

65 (120.0, 40.0)  (195.0, 30.0)



68 (204.0, 30.0)  (122.0, 40.0)

66 (122.0, 40.0)  (198.0, 30.0)



69 (207.0, 30.0)  (120.0, 40.0)

67 (120.0, 40.0)  (198.0, 27.0)



70 (210.0, 30.0)  (122.0, 40.0)

68 (122.0, 40.0)  (204.0, 30.0)



71 (213.0, 30.0)  (120.0, 40.0)

69 (120.0, 40.0)  (204.0, 27.0)



72 (216.0, 30.0)  (122.0, 40.0)

70 (122.0, 40.0)  (210.0, 30.0)



73 (219.0, 30.0)  (120.0, 40.0)

71 (120.0, 40.0)  (213.0, 30.0)



74 (222.0, 30.0)  (122.0, 40.0)

72 (122.0, 40.0)  (216.0, 30.0)



75 (225.0, 30.0)  (120.0, 40.0)

73 (120.0, 40.0)  (219.0, 30.0)



76 (231.0, 30.0)  (122.0, 40.0)

74 (122.0, 40.0)  (222.0, 30.0)



77 (228.0, 30.0)  (120.0, 40.0)

75 (120.0, 40.0)  (225.0, 30.0)



76 (122.0, 40.0)  (231.0, 30.0)
77 (120.0, 40.0)  (228.0, 30.0)



