start 0 (0.0, 30.0)
start 1 (3.0, 30.0)
start 2 (6.0, 30.0)
start 3 (9.0, 30.0)
start 4 (12.0, 30.0)
start 5 (15.0, 30.0)
start 6 (18.0, 30.0)
start 7 (21.0, 30.0)
start 8 (24.0, 30.0)
start 9 (27.0, 30.0)
start 10 (30.0, 30.0)
start 11 (33.0, 30.0)
start 12 (36.0, 30.0)
start 13 (39.0, 30.0)
start 14 (42.0, 30.0)
start 15 (45.0, 30.0)
start 16 (48.0, 30.0)
start 17 (51.0, 30.0)
start 18 (54.0, 30.0)
start 19 (57.0, 30.0)
start 20 (60.0, 30.0)
start 21 (63.0, 30.0)
start 22 (66.0, 30.0)
start 23 (69.0, 30.0)
start 24 (72.0, 30.0)
start 25 (75.0, 30.0)
start 26 (78.0, 30.0)
start 27 (81.0, 30.0)
start 28 (84.0, 30.0)
start 29 (87.0, 30.0)
start 30 (90.0, 30.0)
start 31 (93.0, 30.0)
start 32 (96.0, 30.0)
start 33 (99.0, 30.0)
start 34 (102.0, 30.0)
start 35 (105.0, 30.0)
start 36 (108.0, 30.0)
start 37 (111.0, 30.0)
start 38 (114.0, 30.0)
start 39 (117.0, 30.0)
start 40 (120.0, 30.0)
start 41 (123.0, 30.0)


0 (0.0, 30.0)  (0.0, 40.0)
1 (3.0, 30.0)  (2.0, 40.0)
2 (6.0, 30.0)  (12.0, 40.0)
3 (9.0, 30.0)  (14.0, 40.0)
4 (12.0, 30.0)  (24.0, 40.0)
5 (15.0, 30.0)  (26.0, 40.0)
6 (18.0, 30.0)  (36.0, 40.0)
7 (21.0, 30.0)  (38.0, 40.0)
8 (24.0, 30.0)  (48.0, 40.0)
9 (27.0, 30.0)  (50.0, 40.0)
10 (30.0, 30.0)  (60.0, 40.0)
11 (33.0, 30.0)  (62.0, 40.0)
12 (36.0, 30.0)  (72.0, 40.0)
13 (39.0, 30.0)  (74.0, 40.0)
14 (42.0, 30.0)  (84.0, 40.0)
15 (45.0, 30.0)  (86.0, 40.0)
16 (48.0, 30.0)  (96.0, 40.0)
17 (51.0, 30.0)  (98.0, 40.0)
18 (54.0, 30.0)  (108.0, 40.0)
19 (57.0, 30.0)  (110.0, 40.0)
20 (60.0, 30.0)  (120.0, 40.0)
21 (63.0, 30.0)  (122.0, 40.0)
22 (66.0, 30.0)  (132.0, 40.0)
23 (69.0, 30.0)  (134.0, 40.0)
24 (72.0, 30.0)  (144.0, 40.0)
25 (75.0, 30.0)  (146.0, 40.0)
26 (78.0, 30.0)  (156.0, 40.0)
27 (81.0, 30.0)  (158.0, 40.0)
28 (84.0, 30.0)  (168.0, 40.0)
29 (87.0, 30.0)  (170.0, 40.0)
30 (90.0, 30.0)  (180.0, 40.0)
31 (93.0, 30.0)  (182.0, 40.0)
32 (96.0, 30.0)  (192.0, 40.0)
33 (99.0, 30.0)  (194.0, 40.0)
34 (102.0, 30.0)  (204.0, 40.0)
35 (105.0, 30.0)  (206.0, 40.0)
36 (108.0, 30.0)  (216.0, 40.0)
37 (111.0, 30.0)  (218.0, 40.0)
38 (114.0, 30.0)  (228.0, 40.0)
39 (117.0, 30.0)  (230.0, 40.0)
40 (120.0, 30.0)  (240.0, 40.0)
41 (123.0, 30.0)  (242.0, 40.0)



0 (0.0, 40.0)  (0.0, 30.0)
41 (242.0, 40.0)  (3.0, 30.0)

2 (12.0, 40.0)  (0.0, 40.0)
4 (24.0, 40.0)  (12.0, 40.0)
6 (36.0, 40.0)  (24.0, 40.0)
8 (48.0, 40.0)  (36.0, 40.0)
10 (60.0, 40.0)  (48.0, 40.0)
12 (72.0, 40.0)  (60.0, 40.0)
14 (84.0, 40.0)  (72.0, 40.0)
16 (96.0, 40.0)  (84.0, 40.0)
18 (108.0, 40.0)  (96.0, 40.0)
20 (120.0, 40.0)  (108.0, 40.0)
22 (132.0, 40.0)  (120.0, 40.0)
24 (144.0, 40.0)  (132.0, 40.0)
26 (156.0, 40.0)  (144.0, 40.0)
28 (168.0, 40.0)  (156.0, 40.0)
30 (180.0, 40.0)  (168.0, 40.0)
32 (192.0, 40.0)  (180.0, 40.0)
34 (204.0, 40.0)  (192.0, 40.0)
36 (216.0, 40.0)  (204.0, 40.0)
38 (228.0, 40.0)  (216.0, 40.0)
40 (240.0, 40.0)  (228.0, 40.0)



2 (0.0, 40.0)  (9.0, 30.0)
4 (12.0, 40.0)  (15.0, 30.0)
6 (24.0, 40.0)  (21.0, 30.0)
8 (36.0, 40.0)  (27.0, 30.0)
10 (48.0, 40.0)  (33.0, 30.0)
12 (60.0, 40.0)  (39.0, 30.0)
14 (72.0, 40.0)  (45.0, 30.0)
16 (84.0, 40.0)  (51.0, 30.0)
18 (96.0, 40.0)  (57.0, 30.0)
20 (108.0, 40.0)  (63.0, 30.0)
22 (120.0, 40.0)  (69.0, 30.0)
24 (132.0, 40.0)  (75.0, 30.0)
26 (144.0, 40.0)  (81.0, 30.0)
28 (156.0, 40.0)  (87.0, 30.0)
30 (168.0, 40.0)  (93.0, 30.0)
32 (180.0, 40.0)  (99.0, 30.0)
34 (192.0, 40.0)  (105.0, 30.0)
36 (204.0, 40.0)  (111.0, 30.0)
38 (216.0, 40.0)  (117.0, 30.0)
40 (228.0, 40.0)  (123.0, 30.0)

1 (2.0, 40.0)  (6.0, 30.0)
3 (14.0, 40.0)  (12.0, 30.0)
5 (26.0, 40.0)  (18.0, 30.0)
7 (38.0, 40.0)  (24.0, 30.0)
9 (50.0, 40.0)  (30.0, 30.0)
11 (62.0, 40.0)  (36.0, 30.0)
13 (74.0, 40.0)  (42.0, 30.0)
15 (86.0, 40.0)  (48.0, 30.0)
17 (98.0, 40.0)  (54.0, 30.0)
19 (110.0, 40.0)  (60.0, 30.0)
21 (122.0, 40.0)  (66.0, 30.0)
23 (134.0, 40.0)  (72.0, 30.0)
25 (146.0, 40.0)  (78.0, 30.0)
27 (158.0, 40.0)  (84.0, 30.0)
29 (170.0, 40.0)  (90.0, 30.0)
31 (182.0, 40.0)  (96.0, 30.0)
33 (194.0, 40.0)  (102.0, 30.0)
35 (206.0, 40.0)  (108.0, 30.0)
37 (218.0, 40.0)  (114.0, 30.0)
39 (230.0, 40.0)  (120.0, 30.0)



