start 0 (3.0, 27.0)
start 1 (3.0, 30.0)
start 2 (12.0, 27.0)
start 3 (9.0, 30.0)
start 4 (12.0, 30.0)
start 5 (9.0, 27.0)
start 6 (15.0, 30.0)
start 7 (18.0, 24.0)
start 8 (21.0, 15.0)
start 9 (27.0, 30.0)
start 10 (30.0, 30.0)
start 11 (30.0, 21.0)
start 12 (33.0, 18.0)
start 13 (36.0, 30.0)
start 14 (45.0, 27.0)
start 15 (45.0, 30.0)
start 16 (54.0, 21.0)
start 17 (45.0, 15.0)
start 18 (54.0, 30.0)
start 19 (78.0, 18.0)
start 20 (60.0, 30.0)
start 21 (54.0, 18.0)
start 22 (66.0, 30.0)
start 23 (69.0, 30.0)
start 24 (66.0, 24.0)
start 25 (75.0, 30.0)
start 26 (78.0, 30.0)
start 27 (90.0, 18.0)
start 28 (84.0, 30.0)
start 29 (84.0, 24.0)
start 30 (93.0, 18.0)
start 31 (123.0, 6.0)
start 32 (108.0, 18.0)
start 33 (117.0, 21.0)
start 34 (90.0, 27.0)
start 35 (105.0, 30.0)
start 36 (108.0, 30.0)
start 37 (111.0, 30.0)
start 38 (114.0, 30.0)
start 39 (117.0, 30.0)
start 40 (120.0, 30.0)
start 41 (114.0, 15.0)


0 (3.0, 27.0)  (0.0, 40.0)
2 (12.0, 27.0)  (12.0, 40.0)
10 (30.0, 30.0)  (38.0, 50.0)
13 (36.0, 30.0)  (48.0, 50.0)
14 (45.0, 27.0)  (50.0, 40.0)
20 (60.0, 30.0)  (74.0, 50.0)
26 (78.0, 30.0)  (84.0, 50.0)
28 (84.0, 30.0)  (96.0, 50.0)
35 (105.0, 30.0)  (108.0, 50.0)
40 (120.0, 30.0)  (120.0, 50.0)

1 (3.0, 30.0)  (2.0, 40.0)
3 (9.0, 30.0)  (14.0, 40.0)
6 (15.0, 30.0)  (24.0, 40.0)
9 (27.0, 30.0)  (38.0, 40.0)
15 (45.0, 30.0)  (48.0, 40.0)
18 (54.0, 30.0)  (60.0, 40.0)
22 (66.0, 30.0)  (72.0, 40.0)
23 (69.0, 30.0)  (74.0, 40.0)
25 (75.0, 30.0)  (86.0, 40.0)
36 (108.0, 30.0)  (120.0, 40.0)
37 (111.0, 30.0)  (122.0, 40.0)
38 (114.0, 30.0)  (132.0, 40.0)
39 (117.0, 30.0)  (134.0, 40.0)

4 (12.0, 30.0)  (14.0, 50.0)
7 (18.0, 24.0)  (26.0, 40.0)
24 (66.0, 24.0)  (84.0, 40.0)

5 (9.0, 27.0)  (12.0, 50.0)
8 (21.0, 15.0)  (36.0, 40.0)
34 (90.0, 27.0)  (110.0, 50.0)

11 (30.0, 21.0)  (36.0, 50.0)
16 (54.0, 21.0)  (60.0, 50.0)
19 (78.0, 18.0)  (62.0, 40.0)
30 (93.0, 18.0)  (96.0, 40.0)
32 (108.0, 18.0)  (110.0, 40.0)

12 (33.0, 18.0)  (50.0, 50.0)
21 (54.0, 18.0)  (72.0, 50.0)
27 (90.0, 18.0)  (86.0, 50.0)
31 (123.0, 6.0)  (98.0, 40.0)

17 (45.0, 15.0)  (62.0, 50.0)
41 (114.0, 15.0)  (122.0, 50.0)

29 (84.0, 24.0)  (98.0, 50.0)
33 (117.0, 21.0)  (108.0, 40.0)



0 (0.0, 40.0)  (0.0, 24.0)
4 (14.0, 50.0)  (12.0, 40.0)
10 (38.0, 50.0)  (36.0, 40.0)
16 (60.0, 50.0)  (50.0, 40.0)
20 (74.0, 50.0)  (60.0, 40.0)
26 (84.0, 50.0)  (84.0, 40.0)
34 (110.0, 50.0)  (110.0, 40.0)
40 (120.0, 50.0)  (132.0, 40.0)

2 (12.0, 40.0)  (0.0, 40.0)
8 (36.0, 40.0)  (24.0, 40.0)
12 (50.0, 50.0)  (38.0, 50.0)
24 (84.0, 40.0)  (72.0, 40.0)
28 (96.0, 50.0)  (84.0, 50.0)
32 (110.0, 40.0)  (96.0, 40.0)
38 (132.0, 40.0)  (120.0, 40.0)

6 (24.0, 40.0)  (14.0, 50.0)
14 (50.0, 40.0)  (50.0, 50.0)
18 (60.0, 40.0)  (60.0, 50.0)
22 (72.0, 40.0)  (74.0, 50.0)
30 (96.0, 40.0)  (96.0, 50.0)
36 (120.0, 40.0)  (110.0, 50.0)

41 (122.0, 50.0)  (3.0, 30.0)



2 (0.0, 40.0)  (6.0, 30.0)
1 (2.0, 40.0)  (9.0, 30.0)
4 (12.0, 40.0)  (15.0, 30.0)
8 (24.0, 40.0)  (21.0, 30.0)
10 (36.0, 40.0)  (33.0, 30.0)
20 (60.0, 40.0)  (60.0, 30.0)
19 (62.0, 40.0)  (63.0, 30.0)
23 (74.0, 40.0)  (72.0, 30.0)
26 (84.0, 40.0)  (78.0, 30.0)
25 (86.0, 40.0)  (81.0, 30.0)
32 (96.0, 40.0)  (99.0, 30.0)
34 (110.0, 40.0)  (105.0, 30.0)
37 (122.0, 40.0)  (114.0, 30.0)
40 (132.0, 40.0)  (123.0, 30.0)

3 (14.0, 40.0)  (12.0, 27.0)
12 (38.0, 50.0)  (42.0, 30.0)
14 (50.0, 50.0)  (48.0, 30.0)
18 (60.0, 50.0)  (57.0, 30.0)
22 (74.0, 50.0)  (75.0, 30.0)
24 (72.0, 40.0)  (69.0, 27.0)
28 (84.0, 50.0)  (90.0, 30.0)
30 (96.0, 50.0)  (96.0, 30.0)
36 (110.0, 50.0)  (111.0, 30.0)
38 (120.0, 40.0)  (117.0, 27.0)

6 (14.0, 50.0)  (27.0, 27.0)
9 (38.0, 40.0)  (39.0, 21.0)
11 (36.0, 50.0)  (33.0, 27.0)
21 (72.0, 50.0)  (51.0, 27.0)

5 (12.0, 50.0)  (18.0, 30.0)
7 (26.0, 40.0)  (27.0, 21.0)
27 (86.0, 50.0)  (84.0, 30.0)
29 (98.0, 50.0)  (87.0, 30.0)

13 (48.0, 50.0)  (36.0, 15.0)
35 (108.0, 50.0)  (96.0, 15.0)

16 (50.0, 40.0)  (54.0, 27.0)

15 (48.0, 40.0)  (45.0, 18.0)
17 (62.0, 50.0)  (48.0, 21.0)

31 (98.0, 40.0)  (93.0, 30.0)
39 (134.0, 40.0)  (120.0, 30.0)

33 (108.0, 40.0)  (102.0, 24.0)



