start 0 (6.0, 27.0)
start 1 (3.0, 30.0)
start 2 (6.0, 30.0)
start 3 (9.0, 30.0)
start 4 (12.0, 30.0)
start 5 (15.0, 30.0)
start 6 (18.0, 30.0)
start 7 (21.0, 30.0)
start 8 (24.0, 30.0)
start 9 (27.0, 30.0)
start 10 (30.0, 30.0)
start 11 (33.0, 30.0)
start 12 (36.0, 30.0)
start 13 (39.0, 30.0)
start 14 (42.0, 30.0)
start 15 (45.0, 30.0)
start 16 (48.0, 30.0)
start 17 (51.0, 30.0)
start 18 (54.0, 30.0)
start 19 (57.0, 30.0)
start 20 (60.0, 30.0)
start 21 (63.0, 30.0)
start 22 (66.0, 30.0)
start 23 (69.0, 30.0)
start 24 (72.0, 30.0)
start 25 (75.0, 30.0)
start 26 (78.0, 30.0)
start 27 (81.0, 30.0)
start 28 (84.0, 30.0)
start 29 (87.0, 30.0)
start 30 (90.0, 30.0)


1 (3.0, 30.0)  (2.0, 40.0)
2 (6.0, 30.0)  (14.0, 40.0)
3 (9.0, 30.0)  (26.0, 40.0)
4 (12.0, 30.0)  (36.0, 40.0)
5 (15.0, 30.0)  (50.0, 40.0)
6 (18.0, 30.0)  (62.0, 40.0)
7 (21.0, 30.0)  (74.0, 40.0)
8 (24.0, 30.0)  (86.0, 40.0)
9 (27.0, 30.0)  (98.0, 40.0)
10 (30.0, 30.0)  (110.0, 40.0)
11 (33.0, 30.0)  (122.0, 40.0)
12 (36.0, 30.0)  (134.0, 40.0)
13 (39.0, 30.0)  (146.0, 40.0)
14 (42.0, 30.0)  (158.0, 40.0)
15 (45.0, 30.0)  (168.0, 40.0)
30 (90.0, 30.0)  (170.0, 40.0)

16 (48.0, 30.0)  (0.0, 40.0)
17 (51.0, 30.0)  (12.0, 40.0)
18 (54.0, 30.0)  (24.0, 40.0)
19 (57.0, 30.0)  (38.0, 40.0)
20 (60.0, 30.0)  (48.0, 40.0)
21 (63.0, 30.0)  (60.0, 40.0)
22 (66.0, 30.0)  (72.0, 40.0)
23 (69.0, 30.0)  (84.0, 40.0)
24 (72.0, 30.0)  (96.0, 40.0)
25 (75.0, 30.0)  (108.0, 40.0)
26 (78.0, 30.0)  (120.0, 40.0)
27 (81.0, 30.0)  (132.0, 40.0)
28 (84.0, 30.0)  (144.0, 40.0)
29 (87.0, 30.0)  (156.0, 40.0)



0 (6.0, 27.0)  (2.0, 40.0)

1 (2.0, 40.0)  (0.0, 30.0)
17 (12.0, 40.0)  (45.0, 30.0)
18 (24.0, 40.0)  (48.0, 30.0)
19 (38.0, 40.0)  (51.0, 30.0)
20 (48.0, 40.0)  (54.0, 30.0)
21 (60.0, 40.0)  (57.0, 30.0)
22 (72.0, 40.0)  (60.0, 30.0)
23 (84.0, 40.0)  (63.0, 30.0)
24 (96.0, 40.0)  (66.0, 30.0)
25 (108.0, 40.0)  (69.0, 30.0)
26 (120.0, 40.0)  (72.0, 30.0)
27 (132.0, 40.0)  (75.0, 30.0)
28 (144.0, 40.0)  (78.0, 30.0)
29 (156.0, 40.0)  (81.0, 30.0)
30 (170.0, 40.0)  (84.0, 30.0)

2 (14.0, 40.0)  (3.0, 30.0)
3 (26.0, 40.0)  (6.0, 30.0)
4 (36.0, 40.0)  (9.0, 30.0)
5 (50.0, 40.0)  (12.0, 30.0)
6 (62.0, 40.0)  (15.0, 30.0)
7 (74.0, 40.0)  (18.0, 30.0)
8 (86.0, 40.0)  (21.0, 30.0)
9 (98.0, 40.0)  (24.0, 30.0)
10 (110.0, 40.0)  (27.0, 30.0)
11 (122.0, 40.0)  (30.0, 30.0)
12 (134.0, 40.0)  (33.0, 30.0)
13 (146.0, 40.0)  (36.0, 30.0)
14 (158.0, 40.0)  (39.0, 30.0)
15 (168.0, 40.0)  (42.0, 30.0)



1 (0.0, 30.0)  (2.0, 40.0)

0 (2.0, 40.0)  (102.0, 12.0)



0 (102.0, 12.0)  (2.0, 40.0)

1 (2.0, 40.0)  (90.0, 30.0)



1 (90.0, 30.0)  (0.0, 40.0)

16 (0.0, 40.0)  (0.0, 30.0)



17 (45.0, 30.0)  (0.0, 40.0)

16 (0.0, 30.0)  (60.0, 90.0)

1 (0.0, 40.0)  (62.0, 90.0)



2 (3.0, 30.0)  (2.0, 40.0)

0 (2.0, 40.0)  (87.0, 24.0)
16 (60.0, 90.0)  (96.0, 30.0)
1 (62.0, 90.0)  (102.0, 30.0)



0 (87.0, 24.0)  (2.0, 40.0)

2 (2.0, 40.0)  (42.0, 21.0)



2 (42.0, 21.0)  (0.0, 40.0)

17 (0.0, 40.0)  (9.0, 24.0)



18 (48.0, 30.0)  (0.0, 40.0)

17 (9.0, 24.0)  (48.0, 40.0)

2 (0.0, 40.0)  (50.0, 40.0)



3 (6.0, 30.0)  (2.0, 40.0)

0 (2.0, 40.0)  (0.0, 30.0)
17 (48.0, 40.0)  (99.0, 30.0)
2 (50.0, 40.0)  (105.0, 30.0)



0 (0.0, 30.0)  (2.0, 40.0)

3 (2.0, 40.0)  (48.0, 30.0)



3 (48.0, 30.0)  (0.0, 40.0)

18 (0.0, 40.0)  (6.0, 30.0)



19 (51.0, 30.0)  (0.0, 40.0)

18 (6.0, 30.0)  (12.0, 40.0)

3 (0.0, 40.0)  (14.0, 40.0)



4 (9.0, 30.0)  (2.0, 40.0)

0 (2.0, 40.0)  (87.0, 30.0)
18 (12.0, 40.0)  (90.0, 30.0)
3 (14.0, 40.0)  (93.0, 30.0)



0 (87.0, 30.0)  (2.0, 40.0)

4 (2.0, 40.0)  (51.0, 30.0)



4 (51.0, 30.0)  (0.0, 40.0)

19 (0.0, 40.0)  (9.0, 30.0)



20 (54.0, 30.0)  (0.0, 40.0)

19 (9.0, 30.0)  (36.0, 40.0)

4 (0.0, 40.0)  (38.0, 40.0)



5 (12.0, 30.0)  (2.0, 40.0)

0 (2.0, 40.0)  (3.0, 30.0)
19 (36.0, 40.0)  (108.0, 30.0)

4 (38.0, 40.0)  (57.0, 18.0)



0 (3.0, 30.0)  (2.0, 40.0)

5 (2.0, 40.0)  (54.0, 30.0)



5 (54.0, 30.0)  (0.0, 40.0)

20 (0.0, 40.0)  (12.0, 30.0)



21 (57.0, 30.0)  (0.0, 40.0)

20 (12.0, 30.0)  (48.0, 100.0)

5 (0.0, 40.0)  (50.0, 100.0)



6 (15.0, 30.0)  (2.0, 40.0)

0 (2.0, 40.0)  (15.0, 18.0)
20 (48.0, 100.0)  (114.0, 30.0)
5 (50.0, 100.0)  (123.0, 30.0)



0 (15.0, 18.0)  (2.0, 40.0)

6 (2.0, 40.0)  (57.0, 30.0)



6 (57.0, 30.0)  (0.0, 40.0)

21 (0.0, 40.0)  (15.0, 30.0)



22 (60.0, 30.0)  (0.0, 40.0)

21 (15.0, 30.0)  (50.0, 40.0)

6 (0.0, 40.0)  (48.0, 40.0)



7 (18.0, 30.0)  (2.0, 40.0)

0 (2.0, 40.0)  (6.0, 30.0)
21 (50.0, 40.0)  (117.0, 30.0)
6 (48.0, 40.0)  (48.0, 30.0)



0 (6.0, 30.0)  (2.0, 40.0)

7 (2.0, 40.0)  (60.0, 30.0)



7 (60.0, 30.0)  (0.0, 40.0)

22 (0.0, 40.0)  (18.0, 30.0)



23 (63.0, 30.0)  (0.0, 40.0)

22 (18.0, 30.0)  (12.0, 40.0)

7 (0.0, 40.0)  (14.0, 40.0)



8 (21.0, 30.0)  (2.0, 40.0)

0 (2.0, 40.0)  (87.0, 30.0)
7 (14.0, 40.0)  (135.0, 30.0)

22 (12.0, 40.0)  (126.0, 27.0)



0 (87.0, 30.0)  (2.0, 40.0)

8 (2.0, 40.0)  (63.0, 30.0)



8 (63.0, 30.0)  (0.0, 40.0)

23 (0.0, 40.0)  (21.0, 30.0)



24 (66.0, 30.0)  (0.0, 40.0)

23 (21.0, 30.0)  (74.0, 90.0)

8 (0.0, 40.0)  (72.0, 90.0)



9 (24.0, 30.0)  (2.0, 40.0)

0 (2.0, 40.0)  (18.0, 15.0)
23 (74.0, 90.0)  (126.0, 30.0)
8 (72.0, 90.0)  (51.0, 30.0)



0 (18.0, 15.0)  (2.0, 40.0)

9 (2.0, 40.0)  (66.0, 30.0)



9 (66.0, 30.0)  (0.0, 40.0)

24 (0.0, 40.0)  (24.0, 30.0)



25 (69.0, 30.0)  (0.0, 40.0)

24 (24.0, 30.0)  (38.0, 40.0)

9 (0.0, 40.0)  (36.0, 40.0)



10 (27.0, 30.0)  (2.0, 40.0)

0 (2.0, 40.0)  (3.0, 30.0)
24 (38.0, 40.0)  (132.0, 30.0)
9 (36.0, 40.0)  (129.0, 30.0)



0 (3.0, 30.0)  (2.0, 40.0)

10 (2.0, 40.0)  (69.0, 30.0)



10 (69.0, 30.0)  (0.0, 40.0)

25 (0.0, 40.0)  (42.0, 15.0)



26 (72.0, 30.0)  (0.0, 40.0)

25 (42.0, 15.0)  (134.0, 100.0)

10 (0.0, 40.0)  (132.0, 100.0)



11 (30.0, 30.0)  (2.0, 40.0)

0 (2.0, 40.0)  (6.0, 15.0)
25 (134.0, 100.0)  (120.0, 30.0)
10 (132.0, 100.0)  (54.0, 30.0)



0 (6.0, 15.0)  (2.0, 40.0)

11 (2.0, 40.0)  (72.0, 30.0)



11 (72.0, 30.0)  (0.0, 40.0)

26 (0.0, 40.0)  (30.0, 30.0)



27 (75.0, 30.0)  (0.0, 40.0)

26 (30.0, 30.0)  (108.0, 40.0)

11 (0.0, 40.0)  (110.0, 40.0)



12 (33.0, 30.0)  (2.0, 40.0)

0 (2.0, 40.0)  (0.0, 30.0)
26 (108.0, 40.0)  (138.0, 30.0)
11 (110.0, 40.0)  (150.0, 30.0)



0 (0.0, 30.0)  (2.0, 40.0)

12 (2.0, 40.0)  (75.0, 30.0)



12 (75.0, 30.0)  (0.0, 40.0)

27 (0.0, 40.0)  (48.0, 21.0)



28 (78.0, 30.0)  (0.0, 40.0)

27 (48.0, 21.0)  (24.0, 40.0)

12 (0.0, 40.0)  (26.0, 40.0)



13 (36.0, 30.0)  (2.0, 40.0)

0 (2.0, 40.0)  (15.0, 30.0)
12 (26.0, 40.0)  (57.0, 30.0)

27 (24.0, 40.0)  (150.0, 6.0)



0 (15.0, 30.0)  (2.0, 40.0)

13 (2.0, 40.0)  (63.0, 24.0)



13 (63.0, 24.0)  (0.0, 40.0)

28 (0.0, 40.0)  (36.0, 30.0)



29 (81.0, 30.0)  (0.0, 40.0)

28 (36.0, 30.0)  (60.0, 40.0)

13 (0.0, 40.0)  (62.0, 40.0)



14 (39.0, 30.0)  (2.0, 40.0)

0 (2.0, 40.0)  (6.0, 30.0)
28 (60.0, 40.0)  (141.0, 30.0)
13 (62.0, 40.0)  (147.0, 30.0)



0 (6.0, 30.0)  (2.0, 40.0)

14 (2.0, 40.0)  (81.0, 30.0)



14 (81.0, 30.0)  (0.0, 40.0)

29 (0.0, 40.0)  (39.0, 30.0)



30 (84.0, 30.0)  (0.0, 40.0)

29 (39.0, 30.0)  (96.0, 40.0)

14 (0.0, 40.0)  (98.0, 40.0)



15 (42.0, 30.0)  (2.0, 40.0)

0 (2.0, 40.0)  (18.0, 30.0)
29 (96.0, 40.0)  (153.0, 30.0)

14 (98.0, 40.0)  (60.0, 18.0)



0 (18.0, 30.0)  (2.0, 40.0)

15 (2.0, 40.0)  (84.0, 30.0)



15 (84.0, 30.0)  (0.0, 40.0)

30 (0.0, 40.0)  (42.0, 30.0)



30 (42.0, 30.0)  (2.0, 40.0)

0 (2.0, 40.0)  (159.0, 27.0)



15 (0.0, 40.0)  (87.0, 30.0)
30 (2.0, 40.0)  (159.0, 30.0)



