start 0 (0.0, 30.0)
start 1 (21.0, 30.0)
start 2 (6.0, 30.0)
start 3 (9.0, 30.0)
start 4 (15.0, 27.0)
start 5 (6.0, 27.0)
start 6 (15.0, 30.0)
start 7 (18.0, 30.0)
start 8 (24.0, 18.0)
start 9 (36.0, 30.0)
start 10 (30.0, 30.0)
start 11 (63.0, 30.0)
start 12 (27.0, 30.0)
start 13 (54.0, 18.0)
start 14 (51.0, 30.0)
start 15 (60.0, 30.0)
start 16 (33.0, 30.0)
start 17 (51.0, 27.0)
start 18 (54.0, 30.0)
start 19 (57.0, 30.0)
start 20 (45.0, 30.0)
start 21 (63.0, 15.0)
start 22 (66.0, 30.0)
start 23 (72.0, 30.0)
start 24 (69.0, 30.0)
start 25 (75.0, 30.0)
start 26 (81.0, 30.0)
start 27 (78.0, 30.0)
start 28 (84.0, 30.0)
start 29 (87.0, 30.0)
start 30 (90.0, 27.0)


1 (21.0, 30.0)  (48.0, 40.0)
3 (9.0, 30.0)  (14.0, 40.0)
6 (15.0, 30.0)  (24.0, 40.0)
9 (36.0, 30.0)  (62.0, 40.0)
15 (60.0, 30.0)  (84.0, 40.0)
16 (33.0, 30.0)  (50.0, 40.0)

2 (6.0, 30.0)  (12.0, 50.0)
7 (18.0, 30.0)  (50.0, 50.0)
10 (30.0, 30.0)  (60.0, 50.0)
11 (63.0, 30.0)  (72.0, 50.0)
26 (81.0, 30.0)  (74.0, 50.0)
29 (87.0, 30.0)  (86.0, 50.0)

4 (15.0, 27.0)  (36.0, 50.0)
5 (6.0, 27.0)  (24.0, 50.0)
12 (27.0, 30.0)  (50.0, 60.0)
13 (54.0, 18.0)  (72.0, 40.0)

8 (24.0, 18.0)  (36.0, 40.0)
14 (51.0, 30.0)  (84.0, 50.0)

17 (51.0, 27.0)  (14.0, 50.0)
21 (63.0, 15.0)  (26.0, 40.0)
27 (78.0, 30.0)  (48.0, 60.0)

18 (54.0, 30.0)  (12.0, 40.0)
23 (72.0, 30.0)  (38.0, 40.0)
28 (84.0, 30.0)  (74.0, 40.0)

19 (57.0, 30.0)  (38.0, 50.0)
20 (45.0, 30.0)  (26.0, 50.0)
22 (66.0, 30.0)  (48.0, 50.0)
25 (75.0, 30.0)  (62.0, 50.0)
30 (90.0, 27.0)  (86.0, 40.0)

24 (69.0, 30.0)  (60.0, 40.0)



0 (0.0, 30.0)  (48.0, 40.0)

1 (48.0, 40.0)  (3.0, 27.0)
7 (50.0, 50.0)  (33.0, 30.0)
25 (62.0, 50.0)  (69.0, 30.0)
26 (74.0, 50.0)  (72.0, 30.0)
29 (86.0, 50.0)  (81.0, 30.0)

17 (14.0, 50.0)  (45.0, 30.0)
2 (12.0, 50.0)  (3.0, 30.0)
19 (38.0, 50.0)  (51.0, 30.0)
22 (48.0, 50.0)  (60.0, 30.0)
24 (60.0, 40.0)  (66.0, 15.0)

18 (12.0, 40.0)  (48.0, 30.0)
21 (26.0, 40.0)  (57.0, 30.0)
23 (38.0, 40.0)  (63.0, 30.0)
28 (74.0, 40.0)  (78.0, 30.0)
30 (86.0, 40.0)  (84.0, 30.0)

3 (14.0, 40.0)  (9.0, 24.0)
20 (26.0, 50.0)  (54.0, 30.0)
5 (24.0, 50.0)  (12.0, 30.0)

4 (36.0, 50.0)  (9.0, 12.0)
27 (48.0, 60.0)  (75.0, 30.0)

6 (24.0, 40.0)  (27.0, 21.0)
11 (72.0, 50.0)  (30.0, 30.0)
13 (72.0, 40.0)  (30.0, 21.0)
14 (84.0, 50.0)  (39.0, 30.0)

8 (36.0, 40.0)  (18.0, 15.0)
12 (50.0, 60.0)  (30.0, 27.0)

9 (62.0, 40.0)  (36.0, 30.0)
15 (84.0, 40.0)  (42.0, 30.0)

10 (60.0, 50.0)  (18.0, 21.0)



1 (3.0, 27.0)  (48.0, 40.0)

0 (48.0, 40.0)  (60.0, 15.0)



0 (60.0, 15.0)  (48.0, 40.0)

1 (48.0, 40.0)  (90.0, 30.0)



1 (90.0, 30.0)  (50.0, 40.0)

16 (50.0, 40.0)  (12.0, 24.0)



17 (45.0, 30.0)  (50.0, 40.0)

16 (12.0, 24.0)  (74.0, 40.0)

1 (50.0, 40.0)  (72.0, 40.0)



2 (3.0, 30.0)  (48.0, 40.0)

0 (48.0, 40.0)  (96.0, 27.0)

16 (74.0, 40.0)  (84.0, 18.0)

1 (72.0, 40.0)  (93.0, 30.0)



0 (96.0, 27.0)  (48.0, 40.0)

2 (48.0, 40.0)  (51.0, 24.0)



2 (51.0, 24.0)  (50.0, 40.0)

17 (50.0, 40.0)  (15.0, 27.0)



18 (48.0, 30.0)  (50.0, 40.0)

17 (15.0, 27.0)  (62.0, 40.0)

2 (50.0, 40.0)  (60.0, 40.0)



3 (9.0, 24.0)  (48.0, 40.0)

0 (48.0, 40.0)  (21.0, 30.0)
2 (60.0, 40.0)  (90.0, 30.0)

17 (62.0, 40.0)  (84.0, 27.0)



0 (21.0, 30.0)  (48.0, 40.0)

3 (48.0, 40.0)  (48.0, 30.0)



3 (48.0, 30.0)  (50.0, 40.0)

18 (50.0, 40.0)  (3.0, 30.0)



19 (51.0, 30.0)  (50.0, 40.0)

18 (3.0, 30.0)  (74.0, 40.0)

3 (50.0, 40.0)  (72.0, 40.0)



4 (9.0, 12.0)  (48.0, 40.0)

0 (48.0, 40.0)  (87.0, 30.0)
18 (74.0, 40.0)  (105.0, 30.0)

3 (72.0, 40.0)  (87.0, 24.0)



0 (87.0, 30.0)  (48.0, 40.0)

4 (48.0, 40.0)  (51.0, 30.0)



4 (51.0, 30.0)  (50.0, 40.0)

19 (50.0, 40.0)  (9.0, 30.0)



20 (54.0, 30.0)  (50.0, 40.0)
19 (9.0, 30.0)  (36.0, 40.0)

4 (50.0, 40.0)  (38.0, 40.0)



5 (12.0, 30.0)  (48.0, 40.0)

0 (48.0, 40.0)  (6.0, 30.0)

19 (36.0, 40.0)  (108.0, 24.0)

4 (38.0, 40.0)  (48.0, 27.0)



0 (6.0, 30.0)  (48.0, 40.0)

5 (48.0, 40.0)  (54.0, 30.0)



5 (54.0, 30.0)  (50.0, 40.0)

20 (50.0, 40.0)  (15.0, 27.0)



21 (57.0, 30.0)  (50.0, 40.0)

20 (15.0, 27.0)  (60.0, 40.0)

5 (50.0, 40.0)  (62.0, 40.0)



6 (27.0, 21.0)  (48.0, 40.0)

0 (48.0, 40.0)  (3.0, 24.0)

20 (60.0, 40.0)  (102.0, 21.0)

5 (62.0, 40.0)  (111.0, 30.0)



0 (3.0, 24.0)  (48.0, 40.0)

6 (48.0, 40.0)  (57.0, 30.0)



6 (57.0, 30.0)  (50.0, 40.0)

21 (50.0, 40.0)  (15.0, 30.0)



22 (60.0, 30.0)  (50.0, 40.0)
21 (15.0, 30.0)  (24.0, 40.0)

6 (50.0, 40.0)  (26.0, 40.0)



7 (33.0, 30.0)  (48.0, 40.0)

0 (48.0, 40.0)  (36.0, 27.0)

21 (24.0, 40.0)  (123.0, 15.0)

6 (26.0, 40.0)  (54.0, 18.0)



0 (36.0, 27.0)  (48.0, 40.0)

7 (48.0, 40.0)  (60.0, 30.0)



7 (60.0, 30.0)  (50.0, 40.0)

22 (50.0, 40.0)  (18.0, 30.0)



23 (63.0, 30.0)  (50.0, 40.0)
7 (50.0, 40.0)  (48.0, 50.0)

22 (18.0, 30.0)  (50.0, 50.0)



8 (18.0, 15.0)  (48.0, 40.0)

0 (48.0, 40.0)  (75.0, 24.0)
22 (50.0, 50.0)  (123.0, 30.0)

7 (48.0, 50.0)  (120.0, 30.0)



0 (75.0, 24.0)  (48.0, 40.0)

8 (48.0, 40.0)  (63.0, 30.0)



8 (63.0, 30.0)  (50.0, 40.0)

23 (50.0, 40.0)  (6.0, 27.0)



24 (66.0, 15.0)  (50.0, 40.0)
23 (6.0, 27.0)  (38.0, 50.0)

8 (50.0, 40.0)  (36.0, 50.0)



9 (36.0, 30.0)  (48.0, 40.0)

0 (48.0, 40.0)  (18.0, 27.0)

23 (38.0, 50.0)  (126.0, 30.0)
8 (36.0, 50.0)  (48.0, 30.0)



0 (18.0, 27.0)  (48.0, 40.0)

9 (48.0, 40.0)  (66.0, 30.0)



9 (66.0, 30.0)  (50.0, 40.0)

24 (50.0, 40.0)  (36.0, 21.0)



25 (69.0, 30.0)  (50.0, 40.0)

24 (36.0, 21.0)  (98.0, 40.0)

9 (50.0, 40.0)  (96.0, 40.0)



10 (18.0, 21.0)  (48.0, 40.0)

0 (48.0, 40.0)  (9.0, 30.0)
24 (98.0, 40.0)  (132.0, 30.0)
9 (96.0, 40.0)  (129.0, 30.0)



0 (9.0, 30.0)  (48.0, 40.0)

10 (48.0, 40.0)  (69.0, 27.0)



10 (69.0, 27.0)  (50.0, 40.0)

25 (50.0, 40.0)  (39.0, 21.0)



26 (72.0, 30.0)  (50.0, 40.0)

25 (39.0, 21.0)  (62.0, 50.0)

10 (50.0, 40.0)  (60.0, 50.0)



11 (30.0, 30.0)  (48.0, 40.0)

0 (48.0, 40.0)  (27.0, 30.0)

25 (62.0, 50.0)  (126.0, 24.0)

10 (60.0, 50.0)  (54.0, 30.0)



0 (27.0, 30.0)  (48.0, 40.0)

11 (48.0, 40.0)  (72.0, 30.0)



11 (72.0, 30.0)  (50.0, 40.0)

26 (50.0, 40.0)  (30.0, 30.0)



27 (75.0, 30.0)  (50.0, 40.0)

26 (30.0, 30.0)  (122.0, 40.0)

11 (50.0, 40.0)  (120.0, 40.0)



12 (30.0, 27.0)  (48.0, 40.0)

0 (48.0, 40.0)  (15.0, 18.0)

26 (122.0, 40.0)  (141.0, 30.0)
11 (120.0, 40.0)  (138.0, 30.0)



0 (15.0, 18.0)  (48.0, 40.0)

12 (48.0, 40.0)  (75.0, 30.0)



12 (75.0, 30.0)  (50.0, 40.0)

27 (50.0, 40.0)  (33.0, 30.0)



28 (78.0, 30.0)  (50.0, 40.0)

27 (33.0, 30.0)  (74.0, 40.0)

12 (50.0, 40.0)  (72.0, 40.0)



13 (30.0, 21.0)  (48.0, 40.0)

0 (48.0, 40.0)  (15.0, 30.0)
27 (74.0, 40.0)  (144.0, 30.0)
12 (72.0, 40.0)  (69.0, 30.0)



0 (15.0, 30.0)  (48.0, 40.0)

13 (48.0, 40.0)  (78.0, 30.0)



13 (78.0, 30.0)  (50.0, 40.0)

28 (50.0, 40.0)  (45.0, 24.0)



29 (81.0, 30.0)  (50.0, 40.0)

28 (45.0, 24.0)  (108.0, 40.0)

13 (50.0, 40.0)  (110.0, 40.0)



14 (39.0, 30.0)  (48.0, 40.0)

0 (48.0, 40.0)  (21.0, 15.0)

28 (108.0, 40.0)  (144.0, 12.0)

13 (110.0, 40.0)  (147.0, 30.0)



0 (21.0, 15.0)  (48.0, 40.0)

14 (48.0, 40.0)  (72.0, 27.0)



14 (72.0, 27.0)  (50.0, 40.0)

29 (50.0, 40.0)  (39.0, 30.0)



30 (84.0, 30.0)  (50.0, 40.0)

29 (39.0, 30.0)  (62.0, 40.0)

14 (50.0, 40.0)  (60.0, 40.0)



15 (42.0, 30.0)  (48.0, 40.0)

0 (48.0, 40.0)  (33.0, 27.0)

29 (62.0, 40.0)  (141.0, 21.0)

14 (60.0, 40.0)  (60.0, 30.0)



0 (33.0, 27.0)  (48.0, 40.0)

15 (48.0, 40.0)  (84.0, 30.0)



15 (84.0, 30.0)  (50.0, 40.0)

30 (50.0, 40.0)  (42.0, 30.0)



30 (42.0, 30.0)  (48.0, 40.0)

0 (48.0, 40.0)  (147.0, 21.0)



15 (50.0, 40.0)  (81.0, 21.0)

30 (48.0, 40.0)  (159.0, 30.0)



