start 0 (0.0, 30.0)
start 1 (3.0, 30.0)
start 2 (6.0, 30.0)
start 3 (12.0, 18.0)
start 4 (12.0, 30.0)
start 5 (15.0, 30.0)
start 6 (18.0, 30.0)
start 7 (15.0, 15.0)
start 8 (12.0, 3.0)
start 9 (21.0, 15.0)
start 10 (24.0, 15.0)
start 11 (33.0, 30.0)
start 12 (36.0, 30.0)


0 (0.0, 30.0)  (36.0, 80.0)
1 (3.0, 30.0)  (120.0, 80.0)
6 (18.0, 30.0)  (122.0, 80.0)

5 (15.0, 30.0)  (38.0, 80.0)



2 (6.0, 30.0)  (36.0, 80.0)

0 (36.0, 80.0)  (0.0, 30.0)
1 (120.0, 80.0)  (15.0, 30.0)
6 (122.0, 80.0)  (18.0, 30.0)



0 (0.0, 30.0)  (36.0, 80.0)

2 (36.0, 80.0)  (24.0, 27.0)



2 (24.0, 27.0)  (36.0, 80.0)

0 (36.0, 80.0)  (30.0, 27.0)



0 (30.0, 27.0)  (38.0, 80.0)

5 (38.0, 80.0)  (0.0, 30.0)



7 (15.0, 15.0)  (14.0, 40.0)
6 (18.0, 30.0)  (38.0, 80.0)

0 (38.0, 80.0)  (12.0, 40.0)



3 (12.0, 18.0)  (12.0, 40.0)
1 (15.0, 30.0)  (36.0, 80.0)

2 (36.0, 80.0)  (9.0, 27.0)
0 (12.0, 40.0)  (3.0, 12.0)



0 (3.0, 12.0)  (12.0, 40.0)
2 (9.0, 27.0)  (36.0, 80.0)

1 (36.0, 80.0)  (15.0, 27.0)
3 (12.0, 40.0)  (0.0, 24.0)



11 (33.0, 30.0)  (36.0, 80.0)
3 (0.0, 24.0)  (12.0, 40.0)

1 (15.0, 27.0)  (86.0, 40.0)

2 (36.0, 80.0)  (84.0, 40.0)
0 (12.0, 40.0)  (3.0, 30.0)



0 (3.0, 30.0)  (14.0, 40.0)
7 (14.0, 40.0)  (38.0, 80.0)

6 (38.0, 80.0)  (18.0, 30.0)



8 (12.0, 3.0)  (84.0, 40.0)

11 (36.0, 80.0)  (33.0, 15.0)
7 (38.0, 80.0)  (48.0, 15.0)

2 (84.0, 40.0)  (24.0, 30.0)



9 (21.0, 15.0)  (12.0, 40.0)

3 (12.0, 40.0)  (86.0, 40.0)

1 (86.0, 40.0)  (27.0, 30.0)



4 (12.0, 30.0)  (14.0, 40.0)
1 (27.0, 30.0)  (86.0, 40.0)

0 (14.0, 40.0)  (12.0, 30.0)
3 (86.0, 40.0)  (42.0, 30.0)



0 (12.0, 30.0)  (14.0, 40.0)
3 (42.0, 30.0)  (86.0, 40.0)

4 (14.0, 40.0)  (48.0, 30.0)
1 (86.0, 40.0)  (51.0, 30.0)



12 (36.0, 30.0)  (218.0, 60.0)

1 (51.0, 30.0)  (84.0, 40.0)
4 (48.0, 30.0)  (14.0, 40.0)
8 (84.0, 40.0)  (216.0, 60.0)

0 (14.0, 40.0)  (9.0, 30.0)



0 (9.0, 30.0)  (12.0, 40.0)
9 (12.0, 40.0)  (216.0, 60.0)

8 (216.0, 60.0)  (21.0, 27.0)



10 (24.0, 15.0)  (86.0, 40.0)

3 (86.0, 40.0)  (9.0, 6.0)
9 (216.0, 60.0)  (21.0, 30.0)
12 (218.0, 60.0)  (30.0, 30.0)



0 (12.0, 40.0)  (36.0, 30.0)
1 (84.0, 40.0)  (45.0, 30.0)

4 (14.0, 40.0)  (84.0, 40.0)



1 (45.0, 30.0)  (84.0, 40.0)

4 (84.0, 40.0)  (3.0, 30.0)



4 (3.0, 30.0)  (84.0, 40.0)

1 (84.0, 40.0)  (57.0, 15.0)



1 (57.0, 15.0)  (86.0, 40.0)

10 (86.0, 40.0)  (51.0, 18.0)



4 (84.0, 40.0)  (60.0, 30.0)
1 (86.0, 40.0)  (63.0, 30.0)



