start 0 (0.0, 30.0)
start 1 (3.0, 30.0)
start 2 (6.0, 30.0)
start 3 (9.0, 30.0)
start 4 (12.0, 30.0)
start 5 (15.0, 30.0)
start 6 (18.0, 30.0)
start 7 (21.0, 30.0)
start 8 (24.0, 30.0)
start 9 (27.0, 30.0)
start 10 (30.0, 30.0)
start 11 (33.0, 30.0)
start 12 (36.0, 30.0)


0 (0.0, 30.0)  (12.0, 40.0)
5 (15.0, 30.0)  (14.0, 40.0)

1 (3.0, 30.0)  (0.0, 40.0)
6 (18.0, 30.0)  (2.0, 40.0)



2 (6.0, 30.0)  (12.0, 40.0)

0 (12.0, 40.0)  (0.0, 30.0)

1 (0.0, 40.0)  (3.0, 30.0)
6 (2.0, 40.0)  (6.0, 30.0)



0 (0.0, 30.0)  (12.0, 40.0)

2 (12.0, 40.0)  (15.0, 30.0)



2 (15.0, 30.0)  (12.0, 40.0)

0 (12.0, 40.0)  (18.0, 30.0)



0 (18.0, 30.0)  (14.0, 40.0)

5 (14.0, 40.0)  (0.0, 30.0)



7 (21.0, 30.0)  (26.0, 40.0)
6 (6.0, 30.0)  (14.0, 40.0)

0 (14.0, 40.0)  (24.0, 40.0)



3 (9.0, 30.0)  (24.0, 40.0)
1 (3.0, 30.0)  (12.0, 40.0)

2 (12.0, 40.0)  (15.0, 30.0)

0 (24.0, 40.0)  (9.0, 30.0)



0 (9.0, 30.0)  (24.0, 40.0)

2 (15.0, 30.0)  (12.0, 40.0)

1 (12.0, 40.0)  (6.0, 30.0)
3 (24.0, 40.0)  (21.0, 30.0)



11 (33.0, 30.0)  (12.0, 40.0)

1 (6.0, 30.0)  (38.0, 40.0)

3 (21.0, 30.0)  (24.0, 40.0)

2 (12.0, 40.0)  (36.0, 40.0)

0 (24.0, 40.0)  (3.0, 30.0)



0 (3.0, 30.0)  (26.0, 40.0)

6 (14.0, 40.0)  (18.0, 30.0)

7 (26.0, 40.0)  (14.0, 40.0)



8 (24.0, 30.0)  (36.0, 40.0)

11 (12.0, 40.0)  (45.0, 15.0)

7 (14.0, 40.0)  (27.0, 27.0)

2 (36.0, 40.0)  (24.0, 27.0)



9 (27.0, 30.0)  (24.0, 40.0)

3 (24.0, 40.0)  (38.0, 40.0)

1 (38.0, 40.0)  (27.0, 30.0)



4 (12.0, 30.0)  (26.0, 40.0)
1 (27.0, 30.0)  (38.0, 40.0)

0 (26.0, 40.0)  (12.0, 30.0)
3 (38.0, 40.0)  (42.0, 30.0)



0 (12.0, 30.0)  (26.0, 40.0)
3 (42.0, 30.0)  (38.0, 40.0)

4 (26.0, 40.0)  (48.0, 30.0)

1 (38.0, 40.0)  (45.0, 27.0)



12 (36.0, 30.0)  (26.0, 50.0)
1 (45.0, 27.0)  (36.0, 40.0)

4 (48.0, 30.0)  (26.0, 40.0)
8 (36.0, 40.0)  (24.0, 50.0)

0 (26.0, 40.0)  (9.0, 30.0)



0 (9.0, 30.0)  (24.0, 40.0)

9 (24.0, 40.0)  (24.0, 50.0)

8 (24.0, 50.0)  (15.0, 30.0)



10 (30.0, 30.0)  (38.0, 40.0)

3 (38.0, 40.0)  (6.0, 30.0)

9 (24.0, 50.0)  (21.0, 30.0)
12 (26.0, 50.0)  (30.0, 30.0)



0 (24.0, 40.0)  (36.0, 30.0)
1 (36.0, 40.0)  (45.0, 30.0)

4 (26.0, 40.0)  (36.0, 40.0)



1 (45.0, 30.0)  (36.0, 40.0)

4 (36.0, 40.0)  (12.0, 27.0)



4 (12.0, 27.0)  (36.0, 40.0)

1 (36.0, 40.0)  (54.0, 30.0)



1 (54.0, 30.0)  (38.0, 40.0)

10 (38.0, 40.0)  (57.0, 30.0)



4 (36.0, 40.0)  (48.0, 18.0)

1 (38.0, 40.0)  (60.0, 30.0)



