start 0 (9.0, 12.0)
start 1 (3.0, 30.0)
start 2 (18.0, 27.0)
start 3 (9.0, 30.0)
start 4 (12.0, 30.0)
start 5 (15.0, 27.0)
start 6 (18.0, 30.0)
start 7 (21.0, 30.0)
start 8 (24.0, 30.0)
start 9 (27.0, 30.0)
start 10 (30.0, 30.0)
start 11 (33.0, 30.0)
start 12 (24.0, 24.0)
start 13 (36.0, 24.0)
start 14 (42.0, 30.0)
start 15 (45.0, 30.0)
start 16 (54.0, 30.0)
start 17 (51.0, 30.0)
start 18 (57.0, 27.0)
start 19 (57.0, 30.0)
start 20 (69.0, 18.0)
start 21 (63.0, 30.0)
start 22 (66.0, 30.0)
start 23 (69.0, 30.0)
start 24 (75.0, 27.0)
start 25 (75.0, 30.0)
start 26 (75.0, 18.0)
start 27 (81.0, 30.0)
start 28 (78.0, 18.0)


0 (9.0, 12.0)  (26.0, 40.0)

1 (3.0, 30.0)  (24.0, 40.0)



2 (18.0, 27.0)  (24.0, 40.0)

1 (24.0, 40.0)  (0.0, 30.0)



3 (9.0, 30.0)  (24.0, 40.0)
1 (0.0, 30.0)  (14.0, 40.0)

2 (24.0, 40.0)  (12.0, 40.0)



4 (12.0, 30.0)  (24.0, 40.0)

3 (24.0, 40.0)  (12.0, 40.0)

2 (12.0, 40.0)  (3.0, 30.0)



5 (15.0, 27.0)  (24.0, 40.0)

2 (3.0, 30.0)  (24.0, 50.0)

4 (24.0, 40.0)  (12.0, 40.0)

3 (12.0, 40.0)  (26.0, 50.0)



6 (18.0, 30.0)  (24.0, 40.0)

5 (24.0, 40.0)  (12.0, 40.0)

4 (12.0, 40.0)  (26.0, 50.0)

3 (26.0, 50.0)  (0.0, 30.0)



7 (21.0, 30.0)  (24.0, 40.0)
4 (26.0, 50.0)  (38.0, 50.0)

3 (0.0, 30.0)  (36.0, 50.0)

6 (24.0, 40.0)  (12.0, 40.0)

5 (12.0, 40.0)  (26.0, 50.0)



8 (24.0, 30.0)  (24.0, 40.0)
5 (26.0, 50.0)  (38.0, 50.0)

7 (24.0, 40.0)  (12.0, 40.0)

6 (12.0, 40.0)  (26.0, 50.0)

4 (38.0, 50.0)  (6.0, 30.0)



9 (27.0, 30.0)  (24.0, 40.0)
5 (38.0, 50.0)  (48.0, 50.0)

4 (6.0, 30.0)  (50.0, 50.0)

8 (24.0, 40.0)  (12.0, 40.0)
6 (26.0, 50.0)  (38.0, 50.0)

7 (12.0, 40.0)  (26.0, 50.0)



10 (30.0, 30.0)  (24.0, 40.0)
6 (38.0, 50.0)  (48.0, 50.0)

9 (24.0, 40.0)  (12.0, 40.0)
7 (26.0, 50.0)  (38.0, 50.0)

8 (12.0, 40.0)  (26.0, 50.0)

5 (48.0, 50.0)  (3.0, 15.0)



11 (33.0, 30.0)  (24.0, 40.0)
7 (38.0, 50.0)  (48.0, 50.0)
6 (48.0, 50.0)  (62.0, 50.0)

5 (3.0, 15.0)  (60.0, 50.0)

10 (24.0, 40.0)  (12.0, 40.0)
8 (26.0, 50.0)  (38.0, 50.0)

9 (12.0, 40.0)  (26.0, 50.0)



12 (24.0, 24.0)  (24.0, 40.0)
9 (26.0, 50.0)  (38.0, 50.0)
8 (38.0, 50.0)  (48.0, 50.0)
7 (48.0, 50.0)  (62.0, 50.0)

11 (24.0, 40.0)  (12.0, 40.0)

10 (12.0, 40.0)  (26.0, 50.0)

6 (62.0, 50.0)  (9.0, 30.0)



13 (36.0, 24.0)  (24.0, 40.0)
9 (38.0, 50.0)  (48.0, 50.0)
8 (48.0, 50.0)  (62.0, 50.0)
7 (62.0, 50.0)  (74.0, 50.0)

6 (9.0, 30.0)  (72.0, 50.0)

12 (24.0, 40.0)  (12.0, 40.0)
10 (26.0, 50.0)  (38.0, 50.0)

11 (12.0, 40.0)  (26.0, 50.0)



14 (42.0, 30.0)  (24.0, 40.0)
9 (48.0, 50.0)  (62.0, 50.0)
8 (62.0, 50.0)  (74.0, 50.0)

13 (24.0, 40.0)  (12.0, 40.0)
11 (26.0, 50.0)  (38.0, 50.0)
10 (38.0, 50.0)  (48.0, 50.0)

12 (12.0, 40.0)  (26.0, 50.0)

7 (74.0, 50.0)  (15.0, 15.0)



15 (45.0, 30.0)  (24.0, 40.0)
10 (48.0, 50.0)  (62.0, 50.0)
9 (62.0, 50.0)  (74.0, 50.0)

7 (15.0, 15.0)  (74.0, 40.0)
13 (12.0, 40.0)  (26.0, 50.0)

14 (24.0, 40.0)  (12.0, 40.0)
12 (26.0, 50.0)  (38.0, 50.0)
11 (38.0, 50.0)  (48.0, 50.0)

8 (74.0, 50.0)  (72.0, 40.0)



16 (54.0, 30.0)  (24.0, 40.0)
10 (62.0, 50.0)  (74.0, 50.0)

15 (24.0, 40.0)  (12.0, 40.0)
13 (26.0, 50.0)  (38.0, 50.0)
12 (38.0, 50.0)  (48.0, 50.0)
11 (48.0, 50.0)  (62.0, 50.0)

14 (12.0, 40.0)  (26.0, 50.0)

9 (74.0, 50.0)  (72.0, 40.0)
8 (72.0, 40.0)  (12.0, 30.0)



17 (51.0, 30.0)  (24.0, 40.0)
11 (62.0, 50.0)  (74.0, 50.0)

8 (12.0, 30.0)  (62.0, 40.0)

16 (24.0, 40.0)  (12.0, 40.0)
14 (26.0, 50.0)  (38.0, 50.0)
13 (38.0, 50.0)  (48.0, 50.0)
12 (48.0, 50.0)  (62.0, 50.0)

15 (12.0, 40.0)  (26.0, 50.0)

10 (74.0, 50.0)  (72.0, 40.0)

9 (72.0, 40.0)  (60.0, 40.0)



18 (57.0, 27.0)  (24.0, 40.0)
12 (62.0, 50.0)  (74.0, 50.0)

17 (24.0, 40.0)  (12.0, 40.0)
15 (26.0, 50.0)  (38.0, 50.0)
14 (38.0, 50.0)  (48.0, 50.0)
13 (48.0, 50.0)  (62.0, 50.0)

16 (12.0, 40.0)  (26.0, 50.0)

11 (74.0, 50.0)  (72.0, 40.0)
9 (60.0, 40.0)  (9.0, 24.0)

10 (72.0, 40.0)  (60.0, 40.0)



19 (57.0, 30.0)  (38.0, 40.0)
3 (36.0, 50.0)  (24.0, 50.0)
4 (50.0, 50.0)  (36.0, 50.0)
5 (60.0, 50.0)  (50.0, 50.0)
6 (72.0, 50.0)  (60.0, 50.0)

9 (9.0, 24.0)  (62.0, 40.0)
7 (74.0, 40.0)  (72.0, 50.0)

0 (26.0, 40.0)  (36.0, 40.0)
1 (14.0, 40.0)  (26.0, 40.0)
8 (62.0, 40.0)  (74.0, 40.0)

2 (24.0, 50.0)  (14.0, 40.0)



20 (69.0, 18.0)  (38.0, 40.0)
17 (12.0, 40.0)  (26.0, 50.0)

18 (24.0, 40.0)  (12.0, 40.0)
16 (26.0, 50.0)  (38.0, 50.0)
15 (38.0, 50.0)  (48.0, 50.0)
14 (48.0, 50.0)  (62.0, 50.0)
13 (62.0, 50.0)  (74.0, 50.0)

12 (74.0, 50.0)  (72.0, 40.0)
10 (60.0, 40.0)  (24.0, 18.0)

11 (72.0, 40.0)  (60.0, 40.0)
19 (38.0, 40.0)  (24.0, 40.0)



21 (63.0, 30.0)  (50.0, 40.0)
4 (36.0, 50.0)  (24.0, 50.0)
5 (50.0, 50.0)  (36.0, 50.0)
7 (72.0, 50.0)  (60.0, 50.0)

10 (24.0, 18.0)  (62.0, 40.0)
8 (74.0, 40.0)  (72.0, 50.0)

1 (26.0, 40.0)  (36.0, 40.0)
2 (14.0, 40.0)  (26.0, 40.0)
6 (60.0, 50.0)  (50.0, 50.0)
9 (62.0, 40.0)  (74.0, 40.0)
0 (36.0, 40.0)  (48.0, 40.0)

3 (24.0, 50.0)  (14.0, 40.0)



22 (66.0, 30.0)  (50.0, 40.0)
18 (12.0, 40.0)  (26.0, 50.0)

19 (24.0, 40.0)  (12.0, 40.0)
17 (26.0, 50.0)  (38.0, 50.0)
16 (38.0, 50.0)  (48.0, 50.0)
15 (48.0, 50.0)  (62.0, 50.0)
14 (62.0, 50.0)  (74.0, 50.0)

13 (74.0, 50.0)  (72.0, 40.0)
11 (60.0, 40.0)  (15.0, 18.0)

12 (72.0, 40.0)  (60.0, 40.0)
20 (38.0, 40.0)  (24.0, 40.0)
21 (50.0, 40.0)  (38.0, 40.0)



23 (69.0, 30.0)  (50.0, 60.0)

11 (15.0, 18.0)  (62.0, 40.0)
9 (74.0, 40.0)  (72.0, 50.0)

2 (26.0, 40.0)  (36.0, 40.0)
3 (14.0, 40.0)  (26.0, 40.0)
7 (60.0, 50.0)  (50.0, 50.0)
8 (72.0, 50.0)  (60.0, 50.0)
1 (36.0, 40.0)  (48.0, 40.0)

4 (24.0, 50.0)  (14.0, 40.0)

5 (36.0, 50.0)  (24.0, 50.0)
6 (50.0, 50.0)  (36.0, 50.0)
10 (62.0, 40.0)  (74.0, 40.0)

0 (48.0, 40.0)  (48.0, 60.0)



24 (75.0, 27.0)  (50.0, 60.0)

20 (24.0, 40.0)  (12.0, 40.0)
18 (26.0, 50.0)  (38.0, 50.0)
17 (38.0, 50.0)  (48.0, 50.0)
16 (48.0, 50.0)  (62.0, 50.0)
15 (62.0, 50.0)  (74.0, 50.0)

19 (12.0, 40.0)  (26.0, 50.0)

14 (74.0, 50.0)  (72.0, 40.0)
12 (60.0, 40.0)  (18.0, 18.0)

13 (72.0, 40.0)  (60.0, 40.0)
21 (38.0, 40.0)  (24.0, 40.0)
22 (50.0, 40.0)  (38.0, 40.0)

23 (50.0, 60.0)  (50.0, 40.0)



25 (75.0, 30.0)  (48.0, 70.0)

12 (18.0, 18.0)  (62.0, 40.0)
10 (74.0, 40.0)  (72.0, 50.0)

3 (26.0, 40.0)  (36.0, 40.0)
4 (14.0, 40.0)  (26.0, 40.0)
8 (60.0, 50.0)  (50.0, 50.0)
9 (72.0, 50.0)  (60.0, 50.0)
2 (36.0, 40.0)  (48.0, 40.0)

5 (24.0, 50.0)  (14.0, 40.0)
0 (48.0, 60.0)  (50.0, 70.0)

6 (36.0, 50.0)  (24.0, 50.0)
7 (50.0, 50.0)  (36.0, 50.0)
11 (62.0, 40.0)  (74.0, 40.0)

1 (48.0, 40.0)  (48.0, 60.0)



26 (75.0, 18.0)  (48.0, 70.0)

21 (24.0, 40.0)  (12.0, 40.0)
19 (26.0, 50.0)  (38.0, 50.0)
18 (38.0, 50.0)  (48.0, 50.0)
17 (48.0, 50.0)  (62.0, 50.0)
16 (62.0, 50.0)  (74.0, 50.0)

20 (12.0, 40.0)  (26.0, 50.0)
25 (48.0, 70.0)  (50.0, 60.0)

15 (74.0, 50.0)  (72.0, 40.0)
13 (60.0, 40.0)  (9.0, 30.0)

14 (72.0, 40.0)  (60.0, 40.0)
22 (38.0, 40.0)  (24.0, 40.0)
23 (50.0, 40.0)  (38.0, 40.0)

24 (50.0, 60.0)  (50.0, 40.0)



27 (81.0, 30.0)  (38.0, 70.0)

13 (9.0, 30.0)  (62.0, 40.0)
11 (74.0, 40.0)  (72.0, 50.0)

4 (26.0, 40.0)  (36.0, 40.0)
5 (14.0, 40.0)  (26.0, 40.0)
9 (60.0, 50.0)  (50.0, 50.0)
10 (72.0, 50.0)  (60.0, 50.0)
3 (36.0, 40.0)  (48.0, 40.0)

6 (24.0, 50.0)  (14.0, 40.0)
1 (48.0, 60.0)  (50.0, 70.0)

7 (36.0, 50.0)  (24.0, 50.0)
8 (50.0, 50.0)  (36.0, 50.0)
12 (62.0, 40.0)  (74.0, 40.0)
0 (50.0, 70.0)  (36.0, 70.0)

2 (48.0, 40.0)  (48.0, 60.0)



28 (78.0, 18.0)  (38.0, 70.0)

22 (24.0, 40.0)  (12.0, 40.0)
20 (26.0, 50.0)  (38.0, 50.0)
19 (38.0, 50.0)  (48.0, 50.0)
18 (48.0, 50.0)  (62.0, 50.0)
17 (62.0, 50.0)  (74.0, 50.0)
27 (38.0, 70.0)  (48.0, 70.0)

21 (12.0, 40.0)  (26.0, 50.0)
26 (48.0, 70.0)  (50.0, 60.0)

16 (74.0, 50.0)  (72.0, 40.0)
14 (60.0, 40.0)  (21.0, 30.0)

15 (72.0, 40.0)  (60.0, 40.0)
23 (38.0, 40.0)  (24.0, 40.0)
24 (50.0, 40.0)  (38.0, 40.0)

25 (50.0, 60.0)  (50.0, 40.0)



14 (21.0, 30.0)  (62.0, 40.0)
12 (74.0, 40.0)  (72.0, 50.0)

5 (26.0, 40.0)  (36.0, 40.0)
6 (14.0, 40.0)  (26.0, 40.0)
10 (60.0, 50.0)  (50.0, 50.0)
11 (72.0, 50.0)  (60.0, 50.0)
4 (36.0, 40.0)  (48.0, 40.0)

7 (24.0, 50.0)  (14.0, 40.0)
2 (48.0, 60.0)  (50.0, 70.0)

8 (36.0, 50.0)  (24.0, 50.0)
9 (50.0, 50.0)  (36.0, 50.0)
13 (62.0, 40.0)  (74.0, 40.0)
1 (50.0, 70.0)  (36.0, 70.0)

3 (48.0, 40.0)  (48.0, 60.0)

0 (36.0, 70.0)  (0.0, 30.0)



23 (24.0, 40.0)  (12.0, 40.0)
21 (26.0, 50.0)  (38.0, 50.0)
20 (38.0, 50.0)  (48.0, 50.0)
19 (48.0, 50.0)  (62.0, 50.0)
18 (62.0, 50.0)  (74.0, 50.0)
28 (38.0, 70.0)  (48.0, 70.0)

22 (12.0, 40.0)  (26.0, 50.0)
27 (48.0, 70.0)  (50.0, 60.0)

17 (74.0, 50.0)  (72.0, 40.0)
15 (60.0, 40.0)  (27.0, 30.0)

16 (72.0, 40.0)  (60.0, 40.0)
24 (38.0, 40.0)  (24.0, 40.0)
25 (50.0, 40.0)  (38.0, 40.0)

26 (50.0, 60.0)  (50.0, 40.0)

1 (36.0, 70.0)  (24.0, 30.0)



15 (27.0, 30.0)  (62.0, 40.0)
13 (74.0, 40.0)  (72.0, 50.0)

6 (26.0, 40.0)  (36.0, 40.0)
7 (14.0, 40.0)  (26.0, 40.0)
11 (60.0, 50.0)  (50.0, 50.0)
12 (72.0, 50.0)  (60.0, 50.0)
5 (36.0, 40.0)  (48.0, 40.0)

8 (24.0, 50.0)  (14.0, 40.0)
3 (48.0, 60.0)  (50.0, 70.0)

9 (36.0, 50.0)  (24.0, 50.0)
10 (50.0, 50.0)  (36.0, 50.0)
14 (62.0, 40.0)  (74.0, 40.0)

4 (48.0, 40.0)  (48.0, 60.0)

2 (50.0, 70.0)  (36.0, 21.0)



24 (24.0, 40.0)  (12.0, 40.0)
22 (26.0, 50.0)  (38.0, 50.0)
21 (38.0, 50.0)  (48.0, 50.0)
20 (48.0, 50.0)  (62.0, 50.0)
19 (62.0, 50.0)  (74.0, 50.0)

23 (12.0, 40.0)  (26.0, 50.0)
28 (48.0, 70.0)  (50.0, 60.0)

18 (74.0, 50.0)  (72.0, 40.0)
16 (60.0, 40.0)  (36.0, 30.0)

17 (72.0, 40.0)  (60.0, 40.0)
25 (38.0, 40.0)  (24.0, 40.0)
26 (50.0, 40.0)  (38.0, 40.0)

27 (50.0, 60.0)  (50.0, 40.0)

3 (50.0, 70.0)  (33.0, 30.0)



16 (36.0, 30.0)  (62.0, 40.0)
14 (74.0, 40.0)  (72.0, 50.0)

7 (26.0, 40.0)  (36.0, 40.0)
8 (14.0, 40.0)  (26.0, 40.0)
12 (60.0, 50.0)  (50.0, 50.0)
13 (72.0, 50.0)  (60.0, 50.0)
6 (36.0, 40.0)  (48.0, 40.0)

9 (24.0, 50.0)  (14.0, 40.0)

10 (36.0, 50.0)  (24.0, 50.0)
11 (50.0, 50.0)  (36.0, 50.0)
15 (62.0, 40.0)  (74.0, 40.0)

5 (48.0, 40.0)  (48.0, 60.0)

4 (48.0, 60.0)  (12.0, 30.0)



25 (24.0, 40.0)  (12.0, 40.0)
23 (26.0, 50.0)  (38.0, 50.0)
22 (38.0, 50.0)  (48.0, 50.0)
21 (48.0, 50.0)  (62.0, 50.0)
20 (62.0, 50.0)  (74.0, 50.0)

24 (12.0, 40.0)  (26.0, 50.0)

19 (74.0, 50.0)  (72.0, 40.0)
17 (60.0, 40.0)  (42.0, 27.0)

18 (72.0, 40.0)  (60.0, 40.0)
26 (38.0, 40.0)  (24.0, 40.0)
27 (50.0, 40.0)  (38.0, 40.0)

28 (50.0, 60.0)  (50.0, 40.0)

5 (48.0, 60.0)  (39.0, 30.0)



17 (42.0, 27.0)  (62.0, 40.0)
11 (36.0, 50.0)  (24.0, 50.0)

8 (26.0, 40.0)  (36.0, 40.0)
9 (14.0, 40.0)  (26.0, 40.0)
13 (60.0, 50.0)  (50.0, 50.0)
14 (72.0, 50.0)  (60.0, 50.0)
7 (36.0, 40.0)  (48.0, 40.0)

10 (24.0, 50.0)  (14.0, 40.0)
6 (48.0, 40.0)  (30.0, 30.0)

12 (50.0, 50.0)  (36.0, 50.0)
16 (62.0, 40.0)  (74.0, 40.0)

15 (74.0, 40.0)  (72.0, 50.0)



26 (24.0, 40.0)  (12.0, 40.0)
24 (26.0, 50.0)  (38.0, 50.0)
23 (38.0, 50.0)  (48.0, 50.0)
22 (48.0, 50.0)  (62.0, 50.0)
21 (62.0, 50.0)  (74.0, 50.0)

25 (12.0, 40.0)  (26.0, 50.0)

20 (74.0, 50.0)  (72.0, 40.0)
18 (60.0, 40.0)  (51.0, 30.0)

19 (72.0, 40.0)  (60.0, 40.0)
27 (38.0, 40.0)  (24.0, 40.0)
28 (50.0, 40.0)  (38.0, 40.0)

7 (48.0, 40.0)  (60.0, 15.0)



18 (51.0, 30.0)  (62.0, 40.0)
12 (36.0, 50.0)  (24.0, 50.0)
13 (50.0, 50.0)  (36.0, 50.0)

9 (26.0, 40.0)  (36.0, 40.0)
10 (14.0, 40.0)  (26.0, 40.0)
14 (60.0, 50.0)  (50.0, 50.0)
15 (72.0, 50.0)  (60.0, 50.0)

11 (24.0, 50.0)  (14.0, 40.0)

16 (74.0, 40.0)  (72.0, 50.0)

17 (62.0, 40.0)  (74.0, 40.0)

8 (36.0, 40.0)  (6.0, 30.0)



27 (24.0, 40.0)  (12.0, 40.0)
25 (26.0, 50.0)  (38.0, 50.0)
24 (38.0, 50.0)  (48.0, 50.0)
23 (48.0, 50.0)  (62.0, 50.0)
22 (62.0, 50.0)  (74.0, 50.0)

26 (12.0, 40.0)  (26.0, 50.0)

21 (74.0, 50.0)  (72.0, 40.0)
19 (60.0, 40.0)  (57.0, 30.0)

20 (72.0, 40.0)  (60.0, 40.0)
28 (38.0, 40.0)  (24.0, 40.0)

9 (36.0, 40.0)  (60.0, 30.0)



19 (57.0, 30.0)  (62.0, 40.0)
13 (36.0, 50.0)  (24.0, 50.0)
14 (50.0, 50.0)  (36.0, 50.0)

10 (26.0, 40.0)  (54.0, 30.0)
12 (24.0, 50.0)  (14.0, 40.0)

11 (14.0, 40.0)  (26.0, 40.0)
15 (60.0, 50.0)  (50.0, 50.0)
16 (72.0, 50.0)  (60.0, 50.0)

17 (74.0, 40.0)  (72.0, 50.0)

18 (62.0, 40.0)  (74.0, 40.0)



11 (26.0, 40.0)  (63.0, 30.0)
13 (24.0, 50.0)  (14.0, 40.0)

12 (14.0, 40.0)  (26.0, 40.0)
15 (50.0, 50.0)  (36.0, 50.0)
16 (60.0, 50.0)  (50.0, 50.0)
17 (72.0, 50.0)  (60.0, 50.0)

14 (36.0, 50.0)  (24.0, 50.0)
20 (60.0, 40.0)  (72.0, 24.0)

18 (74.0, 40.0)  (72.0, 50.0)

19 (62.0, 40.0)  (74.0, 40.0)



20 (72.0, 24.0)  (74.0, 40.0)
15 (36.0, 50.0)  (24.0, 50.0)
16 (50.0, 50.0)  (36.0, 50.0)
17 (60.0, 50.0)  (50.0, 50.0)

12 (26.0, 40.0)  (15.0, 30.0)
14 (24.0, 50.0)  (14.0, 40.0)

13 (14.0, 40.0)  (26.0, 40.0)
18 (72.0, 50.0)  (60.0, 50.0)

19 (74.0, 40.0)  (72.0, 50.0)



13 (26.0, 40.0)  (75.0, 30.0)
15 (24.0, 50.0)  (14.0, 40.0)
21 (72.0, 40.0)  (84.0, 30.0)

14 (14.0, 40.0)  (26.0, 40.0)
17 (50.0, 50.0)  (36.0, 50.0)
18 (60.0, 50.0)  (50.0, 50.0)
19 (72.0, 50.0)  (60.0, 50.0)

16 (36.0, 50.0)  (24.0, 50.0)

20 (74.0, 40.0)  (72.0, 50.0)



21 (84.0, 30.0)  (72.0, 50.0)

14 (26.0, 40.0)  (69.0, 30.0)
16 (24.0, 50.0)  (14.0, 40.0)

15 (14.0, 40.0)  (26.0, 40.0)
18 (50.0, 50.0)  (36.0, 50.0)
19 (60.0, 50.0)  (50.0, 50.0)
20 (72.0, 50.0)  (60.0, 50.0)

17 (36.0, 50.0)  (24.0, 50.0)



15 (26.0, 40.0)  (78.0, 30.0)
17 (24.0, 50.0)  (14.0, 40.0)

16 (14.0, 40.0)  (26.0, 40.0)
19 (50.0, 50.0)  (36.0, 50.0)
20 (60.0, 50.0)  (50.0, 50.0)
21 (72.0, 50.0)  (60.0, 50.0)

18 (36.0, 50.0)  (24.0, 50.0)

22 (74.0, 50.0)  (81.0, 30.0)



22 (81.0, 30.0)  (60.0, 50.0)

16 (26.0, 40.0)  (3.0, 30.0)
19 (36.0, 50.0)  (24.0, 50.0)
20 (50.0, 50.0)  (36.0, 50.0)
21 (60.0, 50.0)  (50.0, 50.0)

17 (14.0, 40.0)  (26.0, 40.0)

18 (24.0, 50.0)  (14.0, 40.0)



17 (26.0, 40.0)  (99.0, 30.0)
19 (24.0, 50.0)  (14.0, 40.0)

18 (14.0, 40.0)  (26.0, 40.0)
21 (50.0, 50.0)  (36.0, 50.0)
22 (60.0, 50.0)  (50.0, 50.0)

20 (36.0, 50.0)  (24.0, 50.0)

23 (62.0, 50.0)  (66.0, 30.0)



23 (66.0, 30.0)  (50.0, 50.0)

18 (26.0, 40.0)  (90.0, 30.0)
20 (24.0, 50.0)  (14.0, 40.0)

19 (14.0, 40.0)  (26.0, 40.0)
22 (50.0, 50.0)  (36.0, 50.0)

21 (36.0, 50.0)  (24.0, 50.0)



19 (26.0, 40.0)  (93.0, 27.0)
21 (24.0, 50.0)  (14.0, 40.0)

20 (14.0, 40.0)  (26.0, 40.0)
23 (50.0, 50.0)  (36.0, 50.0)

22 (36.0, 50.0)  (24.0, 50.0)

24 (48.0, 50.0)  (96.0, 30.0)



24 (96.0, 30.0)  (36.0, 50.0)

20 (26.0, 40.0)  (18.0, 30.0)
22 (24.0, 50.0)  (14.0, 40.0)

21 (14.0, 40.0)  (26.0, 40.0)

23 (36.0, 50.0)  (24.0, 50.0)



21 (26.0, 40.0)  (72.0, 30.0)
23 (24.0, 50.0)  (14.0, 40.0)

22 (14.0, 40.0)  (26.0, 40.0)

25 (38.0, 50.0)  (102.0, 30.0)

24 (36.0, 50.0)  (24.0, 50.0)



25 (102.0, 30.0)  (24.0, 50.0)

22 (26.0, 40.0)  (105.0, 30.0)
24 (24.0, 50.0)  (14.0, 40.0)

23 (14.0, 40.0)  (26.0, 40.0)



23 (26.0, 40.0)  (108.0, 27.0)
25 (24.0, 50.0)  (14.0, 40.0)

24 (14.0, 40.0)  (26.0, 40.0)

26 (26.0, 50.0)  (111.0, 30.0)



26 (111.0, 30.0)  (14.0, 40.0)

24 (26.0, 40.0)  (9.0, 30.0)

25 (14.0, 40.0)  (26.0, 40.0)



25 (26.0, 40.0)  (102.0, 21.0)

27 (12.0, 40.0)  (117.0, 30.0)

26 (14.0, 40.0)  (26.0, 40.0)



27 (117.0, 30.0)  (26.0, 40.0)

26 (26.0, 40.0)  (120.0, 30.0)



28 (24.0, 40.0)  (126.0, 30.0)

27 (26.0, 40.0)  (123.0, 30.0)



