start 0 (0.0, 30.0)
start 1 (3.0, 30.0)
start 2 (6.0, 30.0)
start 3 (9.0, 30.0)
start 4 (12.0, 30.0)
start 5 (15.0, 30.0)
start 6 (18.0, 30.0)
start 7 (21.0, 30.0)
start 8 (21.0, 18.0)
start 9 (24.0, 21.0)
start 10 (30.0, 30.0)
start 11 (42.0, 21.0)
start 12 (24.0, 12.0)
start 13 (39.0, 30.0)
start 14 (42.0, 30.0)
start 15 (45.0, 30.0)
start 16 (48.0, 30.0)
start 17 (51.0, 30.0)


0 (0.0, 30.0)  (12.0, 40.0)
1 (3.0, 30.0)  (14.0, 40.0)



2 (6.0, 30.0)  (14.0, 40.0)

1 (14.0, 40.0)  (0.0, 30.0)



3 (9.0, 30.0)  (14.0, 40.0)

1 (0.0, 30.0)  (14.0, 50.0)

2 (14.0, 40.0)  (12.0, 50.0)



4 (12.0, 30.0)  (14.0, 40.0)

3 (14.0, 40.0)  (12.0, 50.0)

2 (12.0, 50.0)  (3.0, 30.0)



5 (15.0, 30.0)  (14.0, 40.0)
4 (14.0, 40.0)  (12.0, 50.0)

2 (3.0, 30.0)  (26.0, 50.0)

3 (12.0, 50.0)  (24.0, 50.0)



6 (18.0, 30.0)  (14.0, 40.0)
5 (14.0, 40.0)  (12.0, 50.0)

4 (12.0, 50.0)  (24.0, 50.0)

3 (24.0, 50.0)  (0.0, 18.0)



7 (21.0, 30.0)  (14.0, 40.0)
6 (14.0, 40.0)  (12.0, 50.0)

3 (0.0, 18.0)  (36.0, 50.0)

5 (12.0, 50.0)  (24.0, 50.0)
4 (24.0, 50.0)  (38.0, 50.0)



8 (21.0, 18.0)  (14.0, 40.0)
7 (14.0, 40.0)  (12.0, 50.0)

6 (12.0, 50.0)  (24.0, 50.0)
5 (24.0, 50.0)  (38.0, 50.0)

4 (38.0, 50.0)  (15.0, 30.0)



9 (24.0, 21.0)  (14.0, 40.0)
8 (14.0, 40.0)  (12.0, 50.0)

4 (15.0, 30.0)  (48.0, 50.0)

7 (12.0, 50.0)  (24.0, 50.0)
6 (24.0, 50.0)  (38.0, 50.0)
5 (38.0, 50.0)  (50.0, 50.0)



10 (30.0, 30.0)  (14.0, 40.0)
9 (14.0, 40.0)  (12.0, 50.0)

8 (12.0, 50.0)  (24.0, 50.0)
7 (24.0, 50.0)  (38.0, 50.0)
6 (38.0, 50.0)  (50.0, 50.0)

5 (50.0, 50.0)  (3.0, 30.0)



11 (42.0, 21.0)  (14.0, 40.0)
10 (14.0, 40.0)  (12.0, 50.0)

5 (3.0, 30.0)  (50.0, 40.0)

9 (12.0, 50.0)  (24.0, 50.0)
8 (24.0, 50.0)  (38.0, 50.0)
7 (38.0, 50.0)  (50.0, 50.0)

6 (50.0, 50.0)  (48.0, 40.0)



12 (24.0, 12.0)  (14.0, 40.0)
11 (14.0, 40.0)  (12.0, 50.0)

10 (12.0, 50.0)  (24.0, 50.0)
9 (24.0, 50.0)  (38.0, 50.0)
8 (38.0, 50.0)  (50.0, 50.0)

7 (50.0, 50.0)  (48.0, 40.0)
6 (48.0, 40.0)  (9.0, 30.0)



13 (39.0, 30.0)  (14.0, 40.0)
12 (14.0, 40.0)  (12.0, 50.0)

6 (9.0, 30.0)  (36.0, 40.0)
10 (24.0, 50.0)  (38.0, 50.0)
9 (38.0, 50.0)  (50.0, 50.0)

11 (12.0, 50.0)  (24.0, 50.0)
7 (48.0, 40.0)  (38.0, 40.0)

8 (50.0, 50.0)  (48.0, 40.0)



14 (42.0, 30.0)  (14.0, 40.0)
13 (14.0, 40.0)  (12.0, 50.0)

12 (12.0, 50.0)  (24.0, 50.0)
11 (24.0, 50.0)  (38.0, 50.0)
10 (38.0, 50.0)  (50.0, 50.0)

9 (50.0, 50.0)  (48.0, 40.0)
7 (38.0, 40.0)  (0.0, 30.0)

8 (48.0, 40.0)  (38.0, 40.0)



15 (45.0, 30.0)  (14.0, 40.0)
14 (14.0, 40.0)  (12.0, 50.0)

7 (0.0, 30.0)  (24.0, 40.0)
12 (24.0, 50.0)  (38.0, 50.0)
11 (38.0, 50.0)  (50.0, 50.0)

13 (12.0, 50.0)  (24.0, 50.0)
9 (48.0, 40.0)  (38.0, 40.0)
8 (38.0, 40.0)  (26.0, 40.0)

10 (50.0, 50.0)  (48.0, 40.0)



16 (48.0, 30.0)  (14.0, 40.0)
15 (14.0, 40.0)  (12.0, 50.0)

14 (12.0, 50.0)  (24.0, 50.0)
13 (24.0, 50.0)  (38.0, 50.0)
12 (38.0, 50.0)  (50.0, 50.0)

11 (50.0, 50.0)  (48.0, 40.0)
8 (26.0, 40.0)  (12.0, 30.0)

10 (48.0, 40.0)  (38.0, 40.0)
9 (38.0, 40.0)  (26.0, 40.0)



17 (51.0, 30.0)  (14.0, 40.0)
8 (12.0, 30.0)  (2.0, 40.0)
16 (14.0, 40.0)  (12.0, 50.0)

15 (12.0, 50.0)  (24.0, 50.0)
14 (24.0, 50.0)  (38.0, 50.0)
13 (38.0, 50.0)  (50.0, 50.0)

12 (50.0, 50.0)  (48.0, 40.0)

11 (48.0, 40.0)  (38.0, 40.0)
10 (38.0, 40.0)  (26.0, 40.0)
9 (26.0, 40.0)  (0.0, 40.0)



0 (12.0, 40.0)  (6.0, 30.0)
1 (14.0, 50.0)  (12.0, 40.0)

2 (26.0, 50.0)  (14.0, 50.0)
3 (36.0, 50.0)  (26.0, 50.0)
4 (48.0, 50.0)  (36.0, 50.0)

5 (50.0, 40.0)  (48.0, 50.0)

6 (36.0, 40.0)  (50.0, 40.0)
7 (24.0, 40.0)  (36.0, 40.0)
8 (2.0, 40.0)  (24.0, 40.0)

9 (0.0, 40.0)  (15.0, 30.0)



9 (15.0, 30.0)  (24.0, 40.0)
4 (36.0, 50.0)  (26.0, 50.0)
5 (48.0, 50.0)  (36.0, 50.0)

1 (12.0, 40.0)  (30.0, 15.0)

2 (14.0, 50.0)  (12.0, 40.0)

3 (26.0, 50.0)  (14.0, 50.0)
7 (36.0, 40.0)  (50.0, 40.0)

6 (50.0, 40.0)  (48.0, 50.0)

8 (24.0, 40.0)  (36.0, 40.0)



2 (12.0, 40.0)  (21.0, 30.0)
5 (36.0, 50.0)  (26.0, 50.0)
6 (48.0, 50.0)  (36.0, 50.0)

3 (14.0, 50.0)  (12.0, 40.0)
10 (26.0, 40.0)  (18.0, 30.0)

4 (26.0, 50.0)  (14.0, 50.0)
8 (36.0, 40.0)  (50.0, 40.0)

7 (50.0, 40.0)  (48.0, 50.0)

9 (24.0, 40.0)  (36.0, 40.0)



10 (18.0, 30.0)  (36.0, 40.0)
8 (50.0, 40.0)  (48.0, 50.0)

3 (12.0, 40.0)  (3.0, 30.0)
4 (14.0, 50.0)  (12.0, 40.0)

5 (26.0, 50.0)  (14.0, 50.0)
6 (36.0, 50.0)  (26.0, 50.0)
7 (48.0, 50.0)  (36.0, 50.0)

9 (36.0, 40.0)  (50.0, 40.0)



4 (12.0, 40.0)  (24.0, 21.0)
7 (36.0, 50.0)  (26.0, 50.0)
8 (48.0, 50.0)  (36.0, 50.0)

5 (14.0, 50.0)  (12.0, 40.0)
11 (38.0, 40.0)  (30.0, 30.0)

6 (26.0, 50.0)  (14.0, 50.0)
10 (36.0, 40.0)  (50.0, 40.0)

9 (50.0, 40.0)  (48.0, 50.0)



11 (30.0, 30.0)  (50.0, 40.0)
7 (26.0, 50.0)  (14.0, 50.0)

5 (12.0, 40.0)  (33.0, 30.0)
9 (48.0, 50.0)  (36.0, 50.0)

6 (14.0, 50.0)  (12.0, 40.0)

8 (36.0, 50.0)  (26.0, 50.0)

10 (50.0, 40.0)  (48.0, 50.0)



6 (12.0, 40.0)  (36.0, 30.0)
12 (48.0, 40.0)  (39.0, 30.0)

7 (14.0, 50.0)  (12.0, 40.0)

8 (26.0, 50.0)  (14.0, 50.0)
9 (36.0, 50.0)  (26.0, 50.0)
10 (48.0, 50.0)  (36.0, 50.0)

11 (50.0, 40.0)  (48.0, 50.0)



12 (39.0, 30.0)  (48.0, 50.0)

7 (12.0, 40.0)  (24.0, 24.0)
10 (36.0, 50.0)  (26.0, 50.0)
11 (48.0, 50.0)  (36.0, 50.0)

8 (14.0, 50.0)  (12.0, 40.0)

9 (26.0, 50.0)  (14.0, 50.0)



8 (12.0, 40.0)  (42.0, 30.0)

9 (14.0, 50.0)  (12.0, 40.0)

10 (26.0, 50.0)  (14.0, 50.0)
11 (36.0, 50.0)  (26.0, 50.0)
12 (48.0, 50.0)  (36.0, 50.0)

13 (50.0, 50.0)  (45.0, 30.0)



13 (45.0, 30.0)  (36.0, 50.0)

9 (12.0, 40.0)  (48.0, 30.0)

10 (14.0, 50.0)  (12.0, 40.0)

11 (26.0, 50.0)  (14.0, 50.0)
12 (36.0, 50.0)  (26.0, 50.0)



10 (12.0, 40.0)  (51.0, 30.0)

11 (14.0, 50.0)  (12.0, 40.0)

12 (26.0, 50.0)  (14.0, 50.0)
13 (36.0, 50.0)  (26.0, 50.0)

14 (38.0, 50.0)  (54.0, 30.0)



14 (54.0, 30.0)  (26.0, 50.0)

11 (12.0, 40.0)  (0.0, 30.0)
12 (14.0, 50.0)  (12.0, 40.0)

13 (26.0, 50.0)  (14.0, 50.0)



12 (12.0, 40.0)  (57.0, 30.0)

13 (14.0, 50.0)  (12.0, 40.0)

15 (24.0, 50.0)  (60.0, 30.0)

14 (26.0, 50.0)  (14.0, 50.0)



15 (60.0, 30.0)  (14.0, 50.0)

13 (12.0, 40.0)  (63.0, 30.0)

14 (14.0, 50.0)  (12.0, 40.0)



14 (12.0, 40.0)  (66.0, 30.0)

16 (12.0, 50.0)  (69.0, 30.0)

15 (14.0, 50.0)  (12.0, 40.0)



16 (69.0, 30.0)  (12.0, 40.0)

15 (12.0, 40.0)  (12.0, 30.0)



17 (14.0, 40.0)  (75.0, 30.0)

16 (12.0, 40.0)  (72.0, 21.0)



