start 0 (0.0, 30.0)
start 1 (3.0, 30.0)
start 2 (6.0, 30.0)
start 3 (9.0, 30.0)
start 4 (12.0, 30.0)
start 5 (15.0, 30.0)
start 6 (18.0, 30.0)
start 7 (21.0, 30.0)
start 8 (24.0, 30.0)
start 9 (27.0, 30.0)
start 10 (30.0, 30.0)
start 11 (33.0, 30.0)
start 12 (36.0, 30.0)
start 13 (39.0, 30.0)
start 14 (42.0, 30.0)
start 15 (45.0, 30.0)
start 16 (33.0, 27.0)
start 17 (51.0, 30.0)
start 18 (54.0, 30.0)
start 19 (57.0, 30.0)
start 20 (60.0, 30.0)
start 21 (63.0, 30.0)
start 22 (66.0, 30.0)
start 23 (66.0, 24.0)
start 24 (72.0, 30.0)
start 25 (78.0, 30.0)
start 26 (75.0, 30.0)


25 (78.0, 30.0)  (182.0, 130.0)
26 (75.0, 30.0)  (180.0, 130.0)



24 (72.0, 30.0)  (180.0, 130.0)

26 (180.0, 130.0)  (72.0, 30.0)



23 (66.0, 24.0)  (146.0, 90.0)
26 (72.0, 30.0)  (180.0, 130.0)

24 (180.0, 130.0)  (144.0, 90.0)



22 (66.0, 30.0)  (144.0, 90.0)
24 (144.0, 90.0)  (180.0, 130.0)

26 (180.0, 130.0)  (66.0, 30.0)



21 (63.0, 30.0)  (146.0, 90.0)
23 (146.0, 90.0)  (182.0, 130.0)

25 (182.0, 130.0)  (63.0, 30.0)



20 (60.0, 30.0)  (144.0, 90.0)
22 (144.0, 90.0)  (180.0, 130.0)

24 (180.0, 130.0)  (60.0, 30.0)



19 (57.0, 30.0)  (146.0, 90.0)
21 (146.0, 90.0)  (182.0, 130.0)

23 (182.0, 130.0)  (57.0, 30.0)



18 (54.0, 30.0)  (144.0, 90.0)
20 (144.0, 90.0)  (180.0, 130.0)

22 (180.0, 130.0)  (69.0, 15.0)



17 (51.0, 30.0)  (146.0, 90.0)
19 (146.0, 90.0)  (182.0, 130.0)

21 (182.0, 130.0)  (60.0, 27.0)



16 (33.0, 27.0)  (144.0, 90.0)
18 (144.0, 90.0)  (180.0, 130.0)

20 (180.0, 130.0)  (48.0, 30.0)



15 (45.0, 30.0)  (146.0, 90.0)
17 (146.0, 90.0)  (182.0, 130.0)

19 (182.0, 130.0)  (57.0, 27.0)



14 (42.0, 30.0)  (144.0, 90.0)
16 (144.0, 90.0)  (180.0, 130.0)

18 (180.0, 130.0)  (54.0, 27.0)



13 (39.0, 30.0)  (146.0, 90.0)
15 (146.0, 90.0)  (182.0, 130.0)

17 (182.0, 130.0)  (39.0, 30.0)



12 (36.0, 30.0)  (144.0, 90.0)
14 (144.0, 90.0)  (180.0, 130.0)

16 (180.0, 130.0)  (36.0, 30.0)



11 (33.0, 30.0)  (146.0, 90.0)
13 (146.0, 90.0)  (182.0, 130.0)

15 (182.0, 130.0)  (33.0, 30.0)



10 (30.0, 30.0)  (144.0, 90.0)
12 (144.0, 90.0)  (180.0, 130.0)

14 (180.0, 130.0)  (30.0, 30.0)



9 (27.0, 30.0)  (146.0, 90.0)
11 (146.0, 90.0)  (182.0, 130.0)

13 (182.0, 130.0)  (27.0, 30.0)



8 (24.0, 30.0)  (144.0, 90.0)
10 (144.0, 90.0)  (180.0, 130.0)

12 (180.0, 130.0)  (27.0, 24.0)



7 (21.0, 30.0)  (146.0, 90.0)
9 (146.0, 90.0)  (182.0, 130.0)

11 (182.0, 130.0)  (27.0, 18.0)



6 (18.0, 30.0)  (144.0, 90.0)
8 (144.0, 90.0)  (180.0, 130.0)

10 (180.0, 130.0)  (18.0, 30.0)



5 (15.0, 30.0)  (146.0, 90.0)
7 (146.0, 90.0)  (182.0, 130.0)

9 (182.0, 130.0)  (15.0, 30.0)



4 (12.0, 30.0)  (144.0, 90.0)
6 (144.0, 90.0)  (180.0, 130.0)

8 (180.0, 130.0)  (12.0, 30.0)



3 (9.0, 30.0)  (146.0, 90.0)
5 (146.0, 90.0)  (182.0, 130.0)

7 (182.0, 130.0)  (9.0, 30.0)



2 (6.0, 30.0)  (144.0, 90.0)
4 (144.0, 90.0)  (180.0, 130.0)

6 (180.0, 130.0)  (15.0, 15.0)



1 (3.0, 30.0)  (146.0, 90.0)
3 (146.0, 90.0)  (182.0, 130.0)

5 (182.0, 130.0)  (15.0, 18.0)



0 (0.0, 30.0)  (144.0, 90.0)
2 (144.0, 90.0)  (180.0, 130.0)

4 (180.0, 130.0)  (0.0, 30.0)



2 (180.0, 130.0)  (144.0, 90.0)
0 (144.0, 90.0)  (69.0, 30.0)

3 (182.0, 130.0)  (72.0, 30.0)



0 (69.0, 30.0)  (144.0, 90.0)

2 (144.0, 90.0)  (75.0, 30.0)



0 (144.0, 90.0)  (78.0, 30.0)
1 (146.0, 90.0)  (81.0, 30.0)



