start 0 (0.0, 30.0)
start 1 (3.0, 30.0)
start 2 (24.0, 27.0)
start 3 (0.0, 24.0)
start 4 (33.0, 27.0)
start 5 (15.0, 30.0)
start 6 (24.0, 15.0)
start 7 (24.0, 30.0)
start 8 (27.0, 27.0)
start 9 (27.0, 30.0)
start 10 (30.0, 30.0)
start 11 (33.0, 30.0)
start 12 (36.0, 30.0)
start 13 (39.0, 30.0)
start 14 (42.0, 30.0)
start 15 (45.0, 30.0)
start 16 (48.0, 30.0)
start 17 (51.0, 30.0)
start 18 (54.0, 30.0)
start 19 (57.0, 30.0)
start 20 (60.0, 30.0)
start 21 (63.0, 27.0)
start 22 (69.0, 30.0)
start 23 (66.0, 30.0)
start 24 (75.0, 30.0)
start 25 (72.0, 27.0)
start 26 (78.0, 27.0)


25 (72.0, 27.0)  (48.0, 40.0)
26 (78.0, 27.0)  (50.0, 40.0)



24 (75.0, 30.0)  (50.0, 40.0)

26 (50.0, 40.0)  (72.0, 30.0)



23 (66.0, 30.0)  (36.0, 40.0)
26 (72.0, 30.0)  (50.0, 40.0)

24 (50.0, 40.0)  (38.0, 40.0)



22 (69.0, 30.0)  (38.0, 40.0)

26 (50.0, 40.0)  (66.0, 30.0)

24 (38.0, 40.0)  (50.0, 40.0)



21 (63.0, 27.0)  (36.0, 40.0)

25 (48.0, 40.0)  (63.0, 30.0)

23 (36.0, 40.0)  (48.0, 40.0)



20 (60.0, 30.0)  (38.0, 40.0)

24 (50.0, 40.0)  (63.0, 27.0)

22 (38.0, 40.0)  (50.0, 40.0)



19 (57.0, 30.0)  (36.0, 40.0)

23 (48.0, 40.0)  (57.0, 30.0)

21 (36.0, 40.0)  (48.0, 40.0)



18 (54.0, 30.0)  (38.0, 40.0)

22 (50.0, 40.0)  (54.0, 27.0)

20 (38.0, 40.0)  (50.0, 40.0)



17 (51.0, 30.0)  (36.0, 40.0)

21 (48.0, 40.0)  (51.0, 30.0)

19 (36.0, 40.0)  (48.0, 40.0)



16 (48.0, 30.0)  (38.0, 40.0)

20 (50.0, 40.0)  (48.0, 30.0)

18 (38.0, 40.0)  (50.0, 40.0)



15 (45.0, 30.0)  (36.0, 40.0)

19 (48.0, 40.0)  (45.0, 30.0)

17 (36.0, 40.0)  (48.0, 40.0)



14 (42.0, 30.0)  (38.0, 40.0)

18 (50.0, 40.0)  (42.0, 30.0)

16 (38.0, 40.0)  (50.0, 40.0)



13 (39.0, 30.0)  (36.0, 40.0)

17 (48.0, 40.0)  (39.0, 30.0)

15 (36.0, 40.0)  (48.0, 40.0)



12 (36.0, 30.0)  (38.0, 40.0)

16 (50.0, 40.0)  (36.0, 30.0)

14 (38.0, 40.0)  (50.0, 40.0)



11 (33.0, 30.0)  (36.0, 40.0)

15 (48.0, 40.0)  (33.0, 30.0)

13 (36.0, 40.0)  (48.0, 40.0)



10 (30.0, 30.0)  (38.0, 40.0)

14 (50.0, 40.0)  (30.0, 30.0)

12 (38.0, 40.0)  (50.0, 40.0)



9 (27.0, 30.0)  (36.0, 40.0)

13 (48.0, 40.0)  (27.0, 30.0)

11 (36.0, 40.0)  (48.0, 40.0)



8 (27.0, 27.0)  (38.0, 40.0)

12 (50.0, 40.0)  (18.0, 30.0)

10 (38.0, 40.0)  (50.0, 40.0)



7 (24.0, 30.0)  (36.0, 40.0)

11 (48.0, 40.0)  (24.0, 30.0)

9 (36.0, 40.0)  (48.0, 40.0)



6 (24.0, 15.0)  (38.0, 40.0)

10 (50.0, 40.0)  (21.0, 30.0)

8 (38.0, 40.0)  (50.0, 40.0)



5 (15.0, 30.0)  (36.0, 40.0)

9 (48.0, 40.0)  (30.0, 27.0)

7 (36.0, 40.0)  (48.0, 40.0)



4 (33.0, 27.0)  (38.0, 40.0)

8 (50.0, 40.0)  (15.0, 27.0)

6 (38.0, 40.0)  (50.0, 40.0)



3 (0.0, 24.0)  (36.0, 40.0)

7 (48.0, 40.0)  (9.0, 30.0)

5 (36.0, 40.0)  (48.0, 40.0)



2 (24.0, 27.0)  (38.0, 40.0)

6 (50.0, 40.0)  (21.0, 27.0)

4 (38.0, 40.0)  (50.0, 40.0)



1 (3.0, 30.0)  (36.0, 40.0)

5 (48.0, 40.0)  (3.0, 30.0)

3 (36.0, 40.0)  (48.0, 40.0)



0 (0.0, 30.0)  (38.0, 40.0)

4 (50.0, 40.0)  (12.0, 21.0)

2 (38.0, 40.0)  (50.0, 40.0)



2 (50.0, 40.0)  (38.0, 40.0)

3 (48.0, 40.0)  (72.0, 30.0)
0 (38.0, 40.0)  (69.0, 30.0)



0 (69.0, 30.0)  (38.0, 40.0)

2 (38.0, 40.0)  (75.0, 30.0)



0 (38.0, 40.0)  (87.0, 21.0)
1 (36.0, 40.0)  (66.0, 21.0)



